Insert 64 0 in sorted order
64 0
Insert 49 1 in sorted order
49 1
64 0
Insert 12 2 in sorted order
12 2
49 1
64 0
Insert 21 3 in sorted order
12 2
21 3
49 1
64 0
Insert 68 4 in sorted order
12 2
21 3
49 1
64 0
68 4
Insert 43 5 in sorted order
12 2
21 3
43 5
49 1
64 0
68 4
Insert 11 6 in sorted order
11 6
12 2
21 3
43 5
49 1
64 0
68 4
Insert 31 7 in sorted order
11 6
12 2
21 3
31 7
43 5
49 1
64 0
68 4
Insert 94 8 in sorted order
11 6
12 2
21 3
31 7
43 5
49 1
64 0
68 4
94 8
Insert 61 9 in sorted order
11 6
12 2
21 3
31 7
43 5
49 1
61 9
64 0
68 4
94 8
Insert 18 10 in sorted order
11 6
12 2
18 10
21 3
31 7
43 5
49 1
61 9
64 0
68 4
94 8
Insert 22 11 in sorted order
11 6
12 2
18 10
21 3
22 11
31 7
43 5
49 1
61 9
64 0
68 4
94 8
Insert 48 12 in sorted order
11 6
12 2
18 10
21 3
22 11
31 7
43 5
48 12
49 1
61 9
64 0
68 4
94 8
Insert 92 13 in sorted order
11 6
12 2
18 10
21 3
22 11
31 7
43 5
48 12
49 1
61 9
64 0
68 4
92 13
94 8
Insert 19 14 in sorted order
11 6
12 2
18 10
19 14
21 3
22 11
31 7
43 5
48 12
49 1
61 9
64 0
68 4
92 13
94 8
Insert 82 15 in sorted order
11 6
12 2
18 10
19 14
21 3
22 11
31 7
43 5
48 12
49 1
61 9
64 0
68 4
82 15
92 13
94 8
Insert 96 16 in sorted order
11 6
12 2
18 10
19 14
21 3
22 11
31 7
43 5
48 12
49 1
61 9
64 0
68 4
82 15
92 13
94 8
96 16
Insert 35 17 in sorted order
11 6
12 2
18 10
19 14
21 3
22 11
31 7
35 17
43 5
48 12
49 1
61 9
64 0
68 4
82 15
92 13
94 8
96 16
Insert 36 18 in sorted order
11 6
12 2
18 10
19 14
21 3
22 11
31 7
35 17
36 18
43 5
48 12
49 1
61 9
64 0
68 4
82 15
92 13
94 8
96 16
Insert 65 19 in sorted order
11 6
12 2
18 10
19 14
21 3
22 11
31 7
35 17
36 18
43 5
48 12
49 1
61 9
64 0
65 19
68 4
82 15
92 13
94 8
96 16
Insert 75 20 in sorted order
11 6
12 2
18 10
19 14
21 3
22 11
31 7
35 17
36 18
43 5
48 12
49 1
61 9
64 0
65 19
68 4
75 20
82 15
92 13
94 8
96 16
Insert 81 21 in sorted order
11 6
12 2
18 10
19 14
21 3
22 11
31 7
35 17
36 18
43 5
48 12
49 1
61 9
64 0
65 19
68 4
75 20
81 21
82 15
92 13
94 8
96 16
Insert 57 22 in sorted order
11 6
12 2
18 10
19 14
21 3
22 11
31 7
35 17
36 18
43 5
48 12
49 1
57 22
61 9
64 0
65 19
68 4
75 20
81 21
82 15
92 13
94 8
96 16
Insert 30 23 in sorted order
11 6
12 2
18 10
19 14
21 3
22 11
30 23
31 7
35 17
36 18
43 5
48 12
49 1
57 22
61 9
64 0
65 19
68 4
75 20
81 21
82 15
92 13
94 8
96 16
Insert 38 24 in sorted order
11 6
12 2
18 10
19 14
21 3
22 11
30 23
31 7
35 17
36 18
38 24
43 5
48 12
49 1
57 22
61 9
64 0
65 19
68 4
75 20
81 21
82 15
92 13
94 8
96 16
Insert 25 25 in sorted order
11 6
12 2
18 10
19 14
21 3
22 11
25 25
30 23
31 7
35 17
36 18
38 24
43 5
48 12
49 1
57 22
61 9
64 0
65 19
68 4
75 20
81 21
82 15
92 13
94 8
96 16
Insert 10 26 in sorted order
10 26
11 6
12 2
18 10
19 14
21 3
22 11
25 25
30 23
31 7
35 17
36 18
38 24
43 5
48 12
49 1
57 22
61 9
64 0
65 19
68 4
75 20
81 21
82 15
92 13
94 8
96 16
Insert 6 27 in sorted order
10 26
11 6
12 2
18 10
19 14
21 3
22 11
25 25
30 23
31 7
35 17
36 18
38 24
43 5
48 12
49 1
57 22
6 27
61 9
64 0
65 19
68 4
75 20
81 21
82 15
92 13
94 8
96 16
Insert 26 28 in sorted order
10 26
11 6
12 2
18 10
19 14
21 3
22 11
25 25
26 28
30 23
31 7
35 17
36 18
38 24
43 5
48 12
49 1
57 22
6 27
61 9
64 0
65 19
68 4
75 20
81 21
82 15
92 13
94 8
96 16
Insert 66 29 in sorted order
10 26
11 6
12 2
18 10
19 14
21 3
22 11
25 25
26 28
30 23
31 7
35 17
36 18
38 24
43 5
48 12
49 1
57 22
6 27
61 9
64 0
65 19
66 29
68 4
75 20
81 21
82 15
92 13
94 8
96 16
Insert 41 30 in sorted order
10 26
11 6
12 2
18 10
19 14
21 3
22 11
25 25
26 28
30 23
31 7
35 17
36 18
38 24
41 30
43 5
48 12
49 1
57 22
6 27
61 9
64 0
65 19
66 29
68 4
75 20
81 21
82 15
92 13
94 8
96 16
Insert 62 31 in sorted order
10 26
11 6
12 2
18 10
19 14
21 3
22 11
25 25
26 28
30 23
31 7
35 17
36 18
38 24
41 30
43 5
48 12
49 1
57 22
6 27
61 9
62 31
64 0
65 19
66 29
68 4
75 20
81 21
82 15
92 13
94 8
96 16
Insert 86 32 in sorted order
10 26
11 6
12 2
18 10
19 14
21 3
22 11
25 25
26 28
30 23
31 7
35 17
36 18
38 24
41 30
43 5
48 12
49 1
57 22
6 27
61 9
62 31
64 0
65 19
66 29
68 4
75 20
81 21
82 15
86 32
92 13
94 8
96 16
Insert 32 33 in sorted order
10 26
11 6
12 2
18 10
19 14
21 3
22 11
25 25
26 28
30 23
31 7
32 33
35 17
36 18
38 24
41 30
43 5
48 12
49 1
57 22
6 27
61 9
62 31
64 0
65 19
66 29
68 4
75 20
81 21
82 15
86 32
92 13
94 8
96 16
Insert 93 34 in sorted order
10 26
11 6
12 2
18 10
19 14
21 3
22 11
25 25
26 28
30 23
31 7
32 33
35 17
36 18
38 24
41 30
43 5
48 12
49 1
57 22
6 27
61 9
62 31
64 0
65 19
66 29
68 4
75 20
81 21
82 15
86 32
92 13
93 34
94 8
96 16
Insert 7 35 in sorted order
10 26
11 6
12 2
18 10
19 14
21 3
22 11
25 25
26 28
30 23
31 7
32 33
35 17
36 18
38 24
41 30
43 5
48 12
49 1
57 22
6 27
61 9
62 31
64 0
65 19
66 29
68 4
7 35
75 20
81 21
82 15
86 32
92 13
93 34
94 8
96 16
Insert 34 36 in sorted order
10 26
11 6
12 2
18 10
19 14
21 3
22 11
25 25
26 28
30 23
31 7
32 33
34 36
35 17
36 18
38 24
41 30
43 5
48 12
49 1
57 22
6 27
61 9
62 31
64 0
65 19
66 29
68 4
7 35
75 20
81 21
82 15
86 32
92 13
93 34
94 8
96 16
Insert 23 37 in sorted order
10 26
11 6
12 2
18 10
19 14
21 3
22 11
23 37
25 25
26 28
30 23
31 7
32 33
34 36
35 17
36 18
38 24
41 30
43 5
48 12
49 1
57 22
6 27
61 9
62 31
64 0
65 19
66 29
68 4
7 35
75 20
81 21
82 15
86 32
92 13
93 34
94 8
96 16
Insert 72 38 in sorted order
10 26
11 6
12 2
18 10
19 14
21 3
22 11
23 37
25 25
26 28
30 23
31 7
32 33
34 36
35 17
36 18
38 24
41 30
43 5
48 12
49 1
57 22
6 27
61 9
62 31
64 0
65 19
66 29
68 4
7 35
72 38
75 20
81 21
82 15
86 32
92 13
93 34
94 8
96 16
Insert 4 39 in sorted order
10 26
11 6
12 2
18 10
19 14
21 3
22 11
23 37
25 25
26 28
30 23
31 7
32 33
34 36
35 17
36 18
38 24
4 39
41 30
43 5
48 12
49 1
57 22
6 27
61 9
62 31
64 0
65 19
66 29
68 4
7 35
72 38
75 20
81 21
82 15
86 32
92 13
93 34
94 8
96 16
Insert 5 40 in sorted order
10 26
11 6
12 2
18 10
19 14
21 3
22 11
23 37
25 25
26 28
30 23
31 7
32 33
34 36
35 17
36 18
38 24
4 39
41 30
43 5
48 12
49 1
5 40
57 22
6 27
61 9
62 31
64 0
65 19
66 29
68 4
7 35
72 38
75 20
81 21
82 15
86 32
92 13
93 34
94 8
96 16
Insert 45 41 in sorted order
10 26
11 6
12 2
18 10
19 14
21 3
22 11
23 37
25 25
26 28
30 23
31 7
32 33
34 36
35 17
36 18
38 24
4 39
41 30
43 5
45 41
48 12
49 1
5 40
57 22
6 27
61 9
62 31
64 0
65 19
66 29
68 4
7 35
72 38
75 20
81 21
82 15
86 32
92 13
93 34
94 8
96 16
Insert 44 42 in sorted order
10 26
11 6
12 2
18 10
19 14
21 3
22 11
23 37
25 25
26 28
30 23
31 7
32 33
34 36
35 17
36 18
38 24
4 39
41 30
43 5
44 42
45 41
48 12
49 1
5 40
57 22
6 27
61 9
62 31
64 0
65 19
66 29
68 4
7 35
72 38
75 20
81 21
82 15
86 32
92 13
93 34
94 8
96 16
Insert 97 43 in sorted order
10 26
11 6
12 2
18 10
19 14
21 3
22 11
23 37
25 25
26 28
30 23
31 7
32 33
34 36
35 17
36 18
38 24
4 39
41 30
43 5
44 42
45 41
48 12
49 1
5 40
57 22
6 27
61 9
62 31
64 0
65 19
66 29
68 4
7 35
72 38
75 20
81 21
82 15
86 32
92 13
93 34
94 8
96 16
97 43
Insert 88 44 in sorted order
10 26
11 6
12 2
18 10
19 14
21 3
22 11
23 37
25 25
26 28
30 23
31 7
32 33
34 36
35 17
36 18
38 24
4 39
41 30
43 5
44 42
45 41
48 12
49 1
5 40
57 22
6 27
61 9
62 31
64 0
65 19
66 29
68 4
7 35
72 38
75 20
81 21
82 15
86 32
88 44
92 13
93 34
94 8
96 16
97 43
Insert 80 45 in sorted order
10 26
11 6
12 2
18 10
19 14
21 3
22 11
23 37
25 25
26 28
30 23
31 7
32 33
34 36
35 17
36 18
38 24
4 39
41 30
43 5
44 42
45 41
48 12
49 1
5 40
57 22
6 27
61 9
62 31
64 0
65 19
66 29
68 4
7 35
72 38
75 20
80 45
81 21
82 15
86 32
88 44
92 13
93 34
94 8
96 16
97 43
Insert 78 46 in sorted order
10 26
11 6
12 2
18 10
19 14
21 3
22 11
23 37
25 25
26 28
30 23
31 7
32 33
34 36
35 17
36 18
38 24
4 39
41 30
43 5
44 42
45 41
48 12
49 1
5 40
57 22
6 27
61 9
62 31
64 0
65 19
66 29
68 4
7 35
72 38
75 20
78 46
80 45
81 21
82 15
86 32
88 44
92 13
93 34
94 8
96 16
97 43
Insert 52 47 in sorted order
10 26
11 6
12 2
18 10
19 14
21 3
22 11
23 37
25 25
26 28
30 23
31 7
32 33
34 36
35 17
36 18
38 24
4 39
41 30
43 5
44 42
45 41
48 12
49 1
5 40
52 47
57 22
6 27
61 9
62 31
64 0
65 19
66 29
68 4
7 35
72 38
75 20
78 46
80 45
81 21
82 15
86 32
88 44
92 13
93 34
94 8
96 16
97 43
Insert 9 48 in sorted order
10 26
11 6
12 2
18 10
19 14
21 3
22 11
23 37
25 25
26 28
30 23
31 7
32 33
34 36
35 17
36 18
38 24
4 39
41 30
43 5
44 42
45 41
48 12
49 1
5 40
52 47
57 22
6 27
61 9
62 31
64 0
65 19
66 29
68 4
7 35
72 38
75 20
78 46
80 45
81 21
82 15
86 32
88 44
9 48
92 13
93 34
94 8
96 16
97 43
Insert 73 49 in sorted order
10 26
11 6
12 2
18 10
19 14
21 3
22 11
23 37
25 25
26 28
30 23
31 7
32 33
34 36
35 17
36 18
38 24
4 39
41 30
43 5
44 42
45 41
48 12
49 1
5 40
52 47
57 22
6 27
61 9
62 31
64 0
65 19
66 29
68 4
7 35
72 38
73 49
75 20
78 46
80 45
81 21
82 15
86 32
88 44
9 48
92 13
93 34
94 8
96 16
97 43
Insert 95 50 in sorted order
10 26
11 6
12 2
18 10
19 14
21 3
22 11
23 37
25 25
26 28
30 23
31 7
32 33
34 36
35 17
36 18
38 24
4 39
41 30
43 5
44 42
45 41
48 12
49 1
5 40
52 47
57 22
6 27
61 9
62 31
64 0
65 19
66 29
68 4
7 35
72 38
73 49
75 20
78 46
80 45
81 21
82 15
86 32
88 44
9 48
92 13
93 34
94 8
95 50
96 16
97 43
Insert 85 51 in sorted order
10 26
11 6
12 2
18 10
19 14
21 3
22 11
23 37
25 25
26 28
30 23
31 7
32 33
34 36
35 17
36 18
38 24
4 39
41 30
43 5
44 42
45 41
48 12
49 1
5 40
52 47
57 22
6 27
61 9
62 31
64 0
65 19
66 29
68 4
7 35
72 38
73 49
75 20
78 46
80 45
81 21
82 15
85 51
86 32
88 44
9 48
92 13
93 34
94 8
95 50
96 16
97 43
Insert 98 52 in sorted order
10 26
11 6
12 2
18 10
19 14
21 3
22 11
23 37
25 25
26 28
30 23
31 7
32 33
34 36
35 17
36 18
38 24
4 39
41 30
43 5
44 42
45 41
48 12
49 1
5 40
52 47
57 22
6 27
61 9
62 31
64 0
65 19
66 29
68 4
7 35
72 38
73 49
75 20
78 46
80 45
81 21
82 15
85 51
86 32
88 44
9 48
92 13
93 34
94 8
95 50
96 16
97 43
98 52
Insert 28 53 in sorted order
10 26
11 6
12 2
18 10
19 14
21 3
22 11
23 37
25 25
26 28
28 53
30 23
31 7
32 33
34 36
35 17
36 18
38 24
4 39
41 30
43 5
44 42
45 41
48 12
49 1
5 40
52 47
57 22
6 27
61 9
62 31
64 0
65 19
66 29
68 4
7 35
72 38
73 49
75 20
78 46
80 45
81 21
82 15
85 51
86 32
88 44
9 48
92 13
93 34
94 8
95 50
96 16
97 43
98 52
Insert 58 54 in sorted order
10 26
11 6
12 2
18 10
19 14
21 3
22 11
23 37
25 25
26 28
28 53
30 23
31 7
32 33
34 36
35 17
36 18
38 24
4 39
41 30
43 5
44 42
45 41
48 12
49 1
5 40
52 47
57 22
58 54
6 27
61 9
62 31
64 0
65 19
66 29
68 4
7 35
72 38
73 49
75 20
78 46
80 45
81 21
82 15
85 51
86 32
88 44
9 48
92 13
93 34
94 8
95 50
96 16
97 43
98 52
Insert 69 55 in sorted order
10 26
11 6
12 2
18 10
19 14
21 3
22 11
23 37
25 25
26 28
28 53
30 23
31 7
32 33
34 36
35 17
36 18
38 24
4 39
41 30
43 5
44 42
45 41
48 12
49 1
5 40
52 47
57 22
58 54
6 27
61 9
62 31
64 0
65 19
66 29
68 4
69 55
7 35
72 38
73 49
75 20
78 46
80 45
81 21
82 15
85 51
86 32
88 44
9 48
92 13
93 34
94 8
95 50
96 16
97 43
98 52
Insert 37 56 in sorted order
10 26
11 6
12 2
18 10
19 14
21 3
22 11
23 37
25 25
26 28
28 53
30 23
31 7
32 33
34 36
35 17
36 18
37 56
38 24
4 39
41 30
43 5
44 42
45 41
48 12
49 1
5 40
52 47
57 22
58 54
6 27
61 9
62 31
64 0
65 19
66 29
68 4
69 55
7 35
72 38
73 49
75 20
78 46
80 45
81 21
82 15
85 51
86 32
88 44
9 48
92 13
93 34
94 8
95 50
96 16
97 43
98 52
Insert 67 57 in sorted order
10 26
11 6
12 2
18 10
19 14
21 3
22 11
23 37
25 25
26 28
28 53
30 23
31 7
32 33
34 36
35 17
36 18
37 56
38 24
4 39
41 30
43 5
44 42
45 41
48 12
49 1
5 40
52 47
57 22
58 54
6 27
61 9
62 31
64 0
65 19
66 29
67 57
68 4
69 55
7 35
72 38
73 49
75 20
78 46
80 45
81 21
82 15
85 51
86 32
88 44
9 48
92 13
93 34
94 8
95 50
96 16
97 43
98 52
Insert 24 58 in sorted order
10 26
11 6
12 2
18 10
19 14
21 3
22 11
23 37
24 58
25 25
26 28
28 53
30 23
31 7
32 33
34 36
35 17
36 18
37 56
38 24
4 39
41 30
43 5
44 42
45 41
48 12
49 1
5 40
52 47
57 22
58 54
6 27
61 9
62 31
64 0
65 19
66 29
67 57
68 4
69 55
7 35
72 38
73 49
75 20
78 46
80 45
81 21
82 15
85 51
86 32
88 44
9 48
92 13
93 34
94 8
95 50
96 16
97 43
98 52
Insert 55 59 in sorted order
10 26
11 6
12 2
18 10
19 14
21 3
22 11
23 37
24 58
25 25
26 28
28 53
30 23
31 7
32 33
34 36
35 17
36 18
37 56
38 24
4 39
41 30
43 5
44 42
45 41
48 12
49 1
5 40
52 47
55 59
57 22
58 54
6 27
61 9
62 31
64 0
65 19
66 29
67 57
68 4
69 55
7 35
72 38
73 49
75 20
78 46
80 45
81 21
82 15
85 51
86 32
88 44
9 48
92 13
93 34
94 8
95 50
96 16
97 43
98 52
Insert 76 60 in sorted order
10 26
11 6
12 2
18 10
19 14
21 3
22 11
23 37
24 58
25 25
26 28
28 53
30 23
31 7
32 33
34 36
35 17
36 18
37 56
38 24
4 39
41 30
43 5
44 42
45 41
48 12
49 1
5 40
52 47
55 59
57 22
58 54
6 27
61 9
62 31
64 0
65 19
66 29
67 57
68 4
69 55
7 35
72 38
73 49
75 20
76 60
78 46
80 45
81 21
82 15
85 51
86 32
88 44
9 48
92 13
93 34
94 8
95 50
96 16
97 43
98 52
Insert 14 61 in sorted order
10 26
11 6
12 2
14 61
18 10
19 14
21 3
22 11
23 37
24 58
25 25
26 28
28 53
30 23
31 7
32 33
34 36
35 17
36 18
37 56
38 24
4 39
41 30
43 5
44 42
45 41
48 12
49 1
5 40
52 47
55 59
57 22
58 54
6 27
61 9
62 31
64 0
65 19
66 29
67 57
68 4
69 55
7 35
72 38
73 49
75 20
76 60
78 46
80 45
81 21
82 15
85 51
86 32
88 44
9 48
92 13
93 34
94 8
95 50
96 16
97 43
98 52
Insert 91 62 in sorted order
10 26
11 6
12 2
14 61
18 10
19 14
21 3
22 11
23 37
24 58
25 25
26 28
28 53
30 23
31 7
32 33
34 36
35 17
36 18
37 56
38 24
4 39
41 30
43 5
44 42
45 41
48 12
49 1
5 40
52 47
55 59
57 22
58 54
6 27
61 9
62 31
64 0
65 19
66 29
67 57
68 4
69 55
7 35
72 38
73 49
75 20
76 60
78 46
80 45
81 21
82 15
85 51
86 32
88 44
9 48
91 62
92 13
93 34
94 8
95 50
96 16
97 43
98 52
Insert 99 63 in sorted order
10 26
11 6
12 2
14 61
18 10
19 14
21 3
22 11
23 37
24 58
25 25
26 28
28 53
30 23
31 7
32 33
34 36
35 17
36 18
37 56
38 24
4 39
41 30
43 5
44 42
45 41
48 12
49 1
5 40
52 47
55 59
57 22
58 54
6 27
61 9
62 31
64 0
65 19
66 29
67 57
68 4
69 55
7 35
72 38
73 49
75 20
76 60
78 46
80 45
81 21
82 15
85 51
86 32
88 44
9 48
91 62
92 13
93 34
94 8
95 50
96 16
97 43
98 52
99 63
Insert 89 64 in sorted order
10 26
11 6
12 2
14 61
18 10
19 14
21 3
22 11
23 37
24 58
25 25
26 28
28 53
30 23
31 7
32 33
34 36
35 17
36 18
37 56
38 24
4 39
41 30
43 5
44 42
45 41
48 12
49 1
5 40
52 47
55 59
57 22
58 54
6 27
61 9
62 31
64 0
65 19
66 29
67 57
68 4
69 55
7 35
72 38
73 49
75 20
76 60
78 46
80 45
81 21
82 15
85 51
86 32
88 44
89 64
9 48
91 62
92 13
93 34
94 8
95 50
96 16
97 43
98 52
99 63
Insert 33 65 in sorted order
10 26
11 6
12 2
14 61
18 10
19 14
21 3
22 11
23 37
24 58
25 25
26 28
28 53
30 23
31 7
32 33
33 65
34 36
35 17
36 18
37 56
38 24
4 39
41 30
43 5
44 42
45 41
48 12
49 1
5 40
52 47
55 59
57 22
58 54
6 27
61 9
62 31
64 0
65 19
66 29
67 57
68 4
69 55
7 35
72 38
73 49
75 20
76 60
78 46
80 45
81 21
82 15
85 51
86 32
88 44
89 64
9 48
91 62
92 13
93 34
94 8
95 50
96 16
97 43
98 52
99 63
Insert 16 66 in sorted order
10 26
11 6
12 2
14 61
16 66
18 10
19 14
21 3
22 11
23 37
24 58
25 25
26 28
28 53
30 23
31 7
32 33
33 65
34 36
35 17
36 18
37 56
38 24
4 39
41 30
43 5
44 42
45 41
48 12
49 1
5 40
52 47
55 59
57 22
58 54
6 27
61 9
62 31
64 0
65 19
66 29
67 57
68 4
69 55
7 35
72 38
73 49
75 20
76 60
78 46
80 45
81 21
82 15
85 51
86 32
88 44
89 64
9 48
91 62
92 13
93 34
94 8
95 50
96 16
97 43
98 52
99 63
Insert 53 67 in sorted order
10 26
11 6
12 2
14 61
16 66
18 10
19 14
21 3
22 11
23 37
24 58
25 25
26 28
28 53
30 23
31 7
32 33
33 65
34 36
35 17
36 18
37 56
38 24
4 39
41 30
43 5
44 42
45 41
48 12
49 1
5 40
52 47
53 67
55 59
57 22
58 54
6 27
61 9
62 31
64 0
65 19
66 29
67 57
68 4
69 55
7 35
72 38
73 49
75 20
76 60
78 46
80 45
81 21
82 15
85 51
86 32
88 44
89 64
9 48
91 62
92 13
93 34
94 8
95 50
96 16
97 43
98 52
99 63
Insert 29 68 in sorted order
10 26
11 6
12 2
14 61
16 66
18 10
19 14
21 3
22 11
23 37
24 58
25 25
26 28
28 53
29 68
30 23
31 7
32 33
33 65
34 36
35 17
36 18
37 56
38 24
4 39
41 30
43 5
44 42
45 41
48 12
49 1
5 40
52 47
53 67
55 59
57 22
58 54
6 27
61 9
62 31
64 0
65 19
66 29
67 57
68 4
69 55
7 35
72 38
73 49
75 20
76 60
78 46
80 45
81 21
82 15
85 51
86 32
88 44
89 64
9 48
91 62
92 13
93 34
94 8
95 50
96 16
97 43
98 52
99 63
Insert 42 69 in sorted order
10 26
11 6
12 2
14 61
16 66
18 10
19 14
21 3
22 11
23 37
24 58
25 25
26 28
28 53
29 68
30 23
31 7
32 33
33 65
34 36
35 17
36 18
37 56
38 24
4 39
41 30
42 69
43 5
44 42
45 41
48 12
49 1
5 40
52 47
53 67
55 59
57 22
58 54
6 27
61 9
62 31
64 0
65 19
66 29
67 57
68 4
69 55
7 35
72 38
73 49
75 20
76 60
78 46
80 45
81 21
82 15
85 51
86 32
88 44
89 64
9 48
91 62
92 13
93 34
94 8
95 50
96 16
97 43
98 52
99 63
Insert 20 70 in sorted order
10 26
11 6
12 2
14 61
16 66
18 10
19 14
20 70
21 3
22 11
23 37
24 58
25 25
26 28
28 53
29 68
30 23
31 7
32 33
33 65
34 36
35 17
36 18
37 56
38 24
4 39
41 30
42 69
43 5
44 42
45 41
48 12
49 1
5 40
52 47
53 67
55 59
57 22
58 54
6 27
61 9
62 31
64 0
65 19
66 29
67 57
68 4
69 55
7 35
72 38
73 49
75 20
76 60
78 46
80 45
81 21
82 15
85 51
86 32
88 44
89 64
9 48
91 62
92 13
93 34
94 8
95 50
96 16
97 43
98 52
99 63
Insert 8 71 in sorted order
10 26
11 6
12 2
14 61
16 66
18 10
19 14
20 70
21 3
22 11
23 37
24 58
25 25
26 28
28 53
29 68
30 23
31 7
32 33
33 65
34 36
35 17
36 18
37 56
38 24
4 39
41 30
42 69
43 5
44 42
45 41
48 12
49 1
5 40
52 47
53 67
55 59
57 22
58 54
6 27
61 9
62 31
64 0
65 19
66 29
67 57
68 4
69 55
7 35
72 38
73 49
75 20
76 60
78 46
8 71
80 45
81 21
82 15
85 51
86 32
88 44
89 64
9 48
91 62
92 13
93 34
94 8
95 50
96 16
97 43
98 52
99 63
Insert 50 72 in sorted order
10 26
11 6
12 2
14 61
16 66
18 10
19 14
20 70
21 3
22 11
23 37
24 58
25 25
26 28
28 53
29 68
30 23
31 7
32 33
33 65
34 36
35 17
36 18
37 56
38 24
4 39
41 30
42 69
43 5
44 42
45 41
48 12
49 1
5 40
50 72
52 47
53 67
55 59
57 22
58 54
6 27
61 9
62 31
64 0
65 19
66 29
67 57
68 4
69 55
7 35
72 38
73 49
75 20
76 60
78 46
8 71
80 45
81 21
82 15
85 51
86 32
88 44
89 64
9 48
91 62
92 13
93 34
94 8
95 50
96 16
97 43
98 52
99 63
Insert 3 73 in sorted order
10 26
11 6
12 2
14 61
16 66
18 10
19 14
20 70
21 3
22 11
23 37
24 58
25 25
26 28
28 53
29 68
3 73
30 23
31 7
32 33
33 65
34 36
35 17
36 18
37 56
38 24
4 39
41 30
42 69
43 5
44 42
45 41
48 12
49 1
5 40
50 72
52 47
53 67
55 59
57 22
58 54
6 27
61 9
62 31
64 0
65 19
66 29
67 57
68 4
69 55
7 35
72 38
73 49
75 20
76 60
78 46
8 71
80 45
81 21
82 15
85 51
86 32
88 44
89 64
9 48
91 62
92 13
93 34
94 8
95 50
96 16
97 43
98 52
99 63
Insert 27 74 in sorted order
10 26
11 6
12 2
14 61
16 66
18 10
19 14
20 70
21 3
22 11
23 37
24 58
25 25
26 28
27 74
28 53
29 68
3 73
30 23
31 7
32 33
33 65
34 36
35 17
36 18
37 56
38 24
4 39
41 30
42 69
43 5
44 42
45 41
48 12
49 1
5 40
50 72
52 47
53 67
55 59
57 22
58 54
6 27
61 9
62 31
64 0
65 19
66 29
67 57
68 4
69 55
7 35
72 38
73 49
75 20
76 60
78 46
8 71
80 45
81 21
82 15
85 51
86 32
88 44
89 64
9 48
91 62
92 13
93 34
94 8
95 50
96 16
97 43
98 52
99 63
Insert 63 75 in sorted order
10 26
11 6
12 2
14 61
16 66
18 10
19 14
20 70
21 3
22 11
23 37
24 58
25 25
26 28
27 74
28 53
29 68
3 73
30 23
31 7
32 33
33 65
34 36
35 17
36 18
37 56
38 24
4 39
41 30
42 69
43 5
44 42
45 41
48 12
49 1
5 40
50 72
52 47
53 67
55 59
57 22
58 54
6 27
61 9
62 31
63 75
64 0
65 19
66 29
67 57
68 4
69 55
7 35
72 38
73 49
75 20
76 60
78 46
8 71
80 45
81 21
82 15
85 51
86 32
88 44
89 64
9 48
91 62
92 13
93 34
94 8
95 50
96 16
97 43
98 52
99 63
Insert 17 76 in sorted order
10 26
11 6
12 2
14 61
16 66
17 76
18 10
19 14
20 70
21 3
22 11
23 37
24 58
25 25
26 28
27 74
28 53
29 68
3 73
30 23
31 7
32 33
33 65
34 36
35 17
36 18
37 56
38 24
4 39
41 30
42 69
43 5
44 42
45 41
48 12
49 1
5 40
50 72
52 47
53 67
55 59
57 22
58 54
6 27
61 9
62 31
63 75
64 0
65 19
66 29
67 57
68 4
69 55
7 35
72 38
73 49
75 20
76 60
78 46
8 71
80 45
81 21
82 15
85 51
86 32
88 44
89 64
9 48
91 62
92 13
93 34
94 8
95 50
96 16
97 43
98 52
99 63
Insert 40 77 in sorted order
10 26
11 6
12 2
14 61
16 66
17 76
18 10
19 14
20 70
21 3
22 11
23 37
24 58
25 25
26 28
27 74
28 53
29 68
3 73
30 23
31 7
32 33
33 65
34 36
35 17
36 18
37 56
38 24
4 39
40 77
41 30
42 69
43 5
44 42
45 41
48 12
49 1
5 40
50 72
52 47
53 67
55 59
57 22
58 54
6 27
61 9
62 31
63 75
64 0
65 19
66 29
67 57
68 4
69 55
7 35
72 38
73 49
75 20
76 60
78 46
8 71
80 45
81 21
82 15
85 51
86 32
88 44
89 64
9 48
91 62
92 13
93 34
94 8
95 50
96 16
97 43
98 52
99 63
Insert 87 78 in sorted order
10 26
11 6
12 2
14 61
16 66
17 76
18 10
19 14
20 70
21 3
22 11
23 37
24 58
25 25
26 28
27 74
28 53
29 68
3 73
30 23
31 7
32 33
33 65
34 36
35 17
36 18
37 56
38 24
4 39
40 77
41 30
42 69
43 5
44 42
45 41
48 12
49 1
5 40
50 72
52 47
53 67
55 59
57 22
58 54
6 27
61 9
62 31
63 75
64 0
65 19
66 29
67 57
68 4
69 55
7 35
72 38
73 49
75 20
76 60
78 46
8 71
80 45
81 21
82 15
85 51
86 32
87 78
88 44
89 64
9 48
91 62
92 13
93 34
94 8
95 50
96 16
97 43
98 52
99 63
Insert 77 79 in sorted order
10 26
11 6
12 2
14 61
16 66
17 76
18 10
19 14
20 70
21 3
22 11
23 37
24 58
25 25
26 28
27 74
28 53
29 68
3 73
30 23
31 7
32 33
33 65
34 36
35 17
36 18
37 56
38 24
4 39
40 77
41 30
42 69
43 5
44 42
45 41
48 12
49 1
5 40
50 72
52 47
53 67
55 59
57 22
58 54
6 27
61 9
62 31
63 75
64 0
65 19
66 29
67 57
68 4
69 55
7 35
72 38
73 49
75 20
76 60
77 79
78 46
8 71
80 45
81 21
82 15
85 51
86 32
87 78
88 44
89 64
9 48
91 62
92 13
93 34
94 8
95 50
96 16
97 43
98 52
99 63
Insert 56 80 in sorted order
10 26
11 6
12 2
14 61
16 66
17 76
18 10
19 14
20 70
21 3
22 11
23 37
24 58
25 25
26 28
27 74
28 53
29 68
3 73
30 23
31 7
32 33
33 65
34 36
35 17
36 18
37 56
38 24
4 39
40 77
41 30
42 69
43 5
44 42
45 41
48 12
49 1
5 40
50 72
52 47
53 67
55 59
56 80
57 22
58 54
6 27
61 9
62 31
63 75
64 0
65 19
66 29
67 57
68 4
69 55
7 35
72 38
73 49
75 20
76 60
77 79
78 46
8 71
80 45
81 21
82 15
85 51
86 32
87 78
88 44
89 64
9 48
91 62
92 13
93 34
94 8
95 50
96 16
97 43
98 52
99 63
Insert 90 81 in sorted order
10 26
11 6
12 2
14 61
16 66
17 76
18 10
19 14
20 70
21 3
22 11
23 37
24 58
25 25
26 28
27 74
28 53
29 68
3 73
30 23
31 7
32 33
33 65
34 36
35 17
36 18
37 56
38 24
4 39
40 77
41 30
42 69
43 5
44 42
45 41
48 12
49 1
5 40
50 72
52 47
53 67
55 59
56 80
57 22
58 54
6 27
61 9
62 31
63 75
64 0
65 19
66 29
67 57
68 4
69 55
7 35
72 38
73 49
75 20
76 60
77 79
78 46
8 71
80 45
81 21
82 15
85 51
86 32
87 78
88 44
89 64
9 48
90 81
91 62
92 13
93 34
94 8
95 50
96 16
97 43
98 52
99 63
Insert 79 82 in sorted order
10 26
11 6
12 2
14 61
16 66
17 76
18 10
19 14
20 70
21 3
22 11
23 37
24 58
25 25
26 28
27 74
28 53
29 68
3 73
30 23
31 7
32 33
33 65
34 36
35 17
36 18
37 56
38 24
4 39
40 77
41 30
42 69
43 5
44 42
45 41
48 12
49 1
5 40
50 72
52 47
53 67
55 59
56 80
57 22
58 54
6 27
61 9
62 31
63 75
64 0
65 19
66 29
67 57
68 4
69 55
7 35
72 38
73 49
75 20
76 60
77 79
78 46
79 82
8 71
80 45
81 21
82 15
85 51
86 32
87 78
88 44
89 64
9 48
90 81
91 62
92 13
93 34
94 8
95 50
96 16
97 43
98 52
99 63
Insert 46 83 in sorted order
10 26
11 6
12 2
14 61
16 66
17 76
18 10
19 14
20 70
21 3
22 11
23 37
24 58
25 25
26 28
27 74
28 53
29 68
3 73
30 23
31 7
32 33
33 65
34 36
35 17
36 18
37 56
38 24
4 39
40 77
41 30
42 69
43 5
44 42
45 41
46 83
48 12
49 1
5 40
50 72
52 47
53 67
55 59
56 80
57 22
58 54
6 27
61 9
62 31
63 75
64 0
65 19
66 29
67 57
68 4
69 55
7 35
72 38
73 49
75 20
76 60
77 79
78 46
79 82
8 71
80 45
81 21
82 15
85 51
86 32
87 78
88 44
89 64
9 48
90 81
91 62
92 13
93 34
94 8
95 50
96 16
97 43
98 52
99 63
Insert 100 84 in sorted order
10 26
100 84
11 6
12 2
14 61
16 66
17 76
18 10
19 14
20 70
21 3
22 11
23 37
24 58
25 25
26 28
27 74
28 53
29 68
3 73
30 23
31 7
32 33
33 65
34 36
35 17
36 18
37 56
38 24
4 39
40 77
41 30
42 69
43 5
44 42
45 41
46 83
48 12
49 1
5 40
50 72
52 47
53 67
55 59
56 80
57 22
58 54
6 27
61 9
62 31
63 75
64 0
65 19
66 29
67 57
68 4
69 55
7 35
72 38
73 49
75 20
76 60
77 79
78 46
79 82
8 71
80 45
81 21
82 15
85 51
86 32
87 78
88 44
89 64
9 48
90 81
91 62
92 13
93 34
94 8
95 50
96 16
97 43
98 52
99 63
Insert 1 85 in sorted order
1 85
10 26
100 84
11 6
12 2
14 61
16 66
17 76
18 10
19 14
20 70
21 3
22 11
23 37
24 58
25 25
26 28
27 74
28 53
29 68
3 73
30 23
31 7
32 33
33 65
34 36
35 17
36 18
37 56
38 24
4 39
40 77
41 30
42 69
43 5
44 42
45 41
46 83
48 12
49 1
5 40
50 72
52 47
53 67
55 59
56 80
57 22
58 54
6 27
61 9
62 31
63 75
64 0
65 19
66 29
67 57
68 4
69 55
7 35
72 38
73 49
75 20
76 60
77 79
78 46
79 82
8 71
80 45
81 21
82 15
85 51
86 32
87 78
88 44
89 64
9 48
90 81
91 62
92 13
93 34
94 8
95 50
96 16
97 43
98 52
99 63
Insert 51 86 in sorted order
1 85
10 26
100 84
11 6
12 2
14 61
16 66
17 76
18 10
19 14
20 70
21 3
22 11
23 37
24 58
25 25
26 28
27 74
28 53
29 68
3 73
30 23
31 7
32 33
33 65
34 36
35 17
36 18
37 56
38 24
4 39
40 77
41 30
42 69
43 5
44 42
45 41
46 83
48 12
49 1
5 40
50 72
51 86
52 47
53 67
55 59
56 80
57 22
58 54
6 27
61 9
62 31
63 75
64 0
65 19
66 29
67 57
68 4
69 55
7 35
72 38
73 49
75 20
76 60
77 79
78 46
79 82
8 71
80 45
81 21
82 15
85 51
86 32
87 78
88 44
89 64
9 48
90 81
91 62
92 13
93 34
94 8
95 50
96 16
97 43
98 52
99 63
Insert 2 87 in sorted order
1 85
10 26
100 84
11 6
12 2
14 61
16 66
17 76
18 10
19 14
2 87
20 70
21 3
22 11
23 37
24 58
25 25
26 28
27 74
28 53
29 68
3 73
30 23
31 7
32 33
33 65
34 36
35 17
36 18
37 56
38 24
4 39
40 77
41 30
42 69
43 5
44 42
45 41
46 83
48 12
49 1
5 40
50 72
51 86
52 47
53 67
55 59
56 80
57 22
58 54
6 27
61 9
62 31
63 75
64 0
65 19
66 29
67 57
68 4
69 55
7 35
72 38
73 49
75 20
76 60
77 79
78 46
79 82
8 71
80 45
81 21
82 15
85 51
86 32
87 78
88 44
89 64
9 48
90 81
91 62
92 13
93 34
94 8
95 50
96 16
97 43
98 52
99 63
Insert 74 88 in sorted order
1 85
10 26
100 84
11 6
12 2
14 61
16 66
17 76
18 10
19 14
2 87
20 70
21 3
22 11
23 37
24 58
25 25
26 28
27 74
28 53
29 68
3 73
30 23
31 7
32 33
33 65
34 36
35 17
36 18
37 56
38 24
4 39
40 77
41 30
42 69
43 5
44 42
45 41
46 83
48 12
49 1
5 40
50 72
51 86
52 47
53 67
55 59
56 80
57 22
58 54
6 27
61 9
62 31
63 75
64 0
65 19
66 29
67 57
68 4
69 55
7 35
72 38
73 49
74 88
75 20
76 60
77 79
78 46
79 82
8 71
80 45
81 21
82 15
85 51
86 32
87 78
88 44
89 64
9 48
90 81
91 62
92 13
93 34
94 8
95 50
96 16
97 43
98 52
99 63
Insert 84 89 in sorted order
1 85
10 26
100 84
11 6
12 2
14 61
16 66
17 76
18 10
19 14
2 87
20 70
21 3
22 11
23 37
24 58
25 25
26 28
27 74
28 53
29 68
3 73
30 23
31 7
32 33
33 65
34 36
35 17
36 18
37 56
38 24
4 39
40 77
41 30
42 69
43 5
44 42
45 41
46 83
48 12
49 1
5 40
50 72
51 86
52 47
53 67
55 59
56 80
57 22
58 54
6 27
61 9
62 31
63 75
64 0
65 19
66 29
67 57
68 4
69 55
7 35
72 38
73 49
74 88
75 20
76 60
77 79
78 46
79 82
8 71
80 45
81 21
82 15
84 89
85 51
86 32
87 78
88 44
89 64
9 48
90 81
91 62
92 13
93 34
94 8
95 50
96 16
97 43
98 52
99 63
Insert 47 90 in sorted order
1 85
10 26
100 84
11 6
12 2
14 61
16 66
17 76
18 10
19 14
2 87
20 70
21 3
22 11
23 37
24 58
25 25
26 28
27 74
28 53
29 68
3 73
30 23
31 7
32 33
33 65
34 36
35 17
36 18
37 56
38 24
4 39
40 77
41 30
42 69
43 5
44 42
45 41
46 83
47 90
48 12
49 1
5 40
50 72
51 86
52 47
53 67
55 59
56 80
57 22
58 54
6 27
61 9
62 31
63 75
64 0
65 19
66 29
67 57
68 4
69 55
7 35
72 38
73 49
74 88
75 20
76 60
77 79
78 46
79 82
8 71
80 45
81 21
82 15
84 89
85 51
86 32
87 78
88 44
89 64
9 48
90 81
91 62
92 13
93 34
94 8
95 50
96 16
97 43
98 52
99 63
Insert 60 91 in sorted order
1 85
10 26
100 84
11 6
12 2
14 61
16 66
17 76
18 10
19 14
2 87
20 70
21 3
22 11
23 37
24 58
25 25
26 28
27 74
28 53
29 68
3 73
30 23
31 7
32 33
33 65
34 36
35 17
36 18
37 56
38 24
4 39
40 77
41 30
42 69
43 5
44 42
45 41
46 83
47 90
48 12
49 1
5 40
50 72
51 86
52 47
53 67
55 59
56 80
57 22
58 54
6 27
60 91
61 9
62 31
63 75
64 0
65 19
66 29
67 57
68 4
69 55
7 35
72 38
73 49
74 88
75 20
76 60
77 79
78 46
79 82
8 71
80 45
81 21
82 15
84 89
85 51
86 32
87 78
88 44
89 64
9 48
90 81
91 62
92 13
93 34
94 8
95 50
96 16
97 43
98 52
99 63
Insert 39 92 in sorted order
1 85
10 26
100 84
11 6
12 2
14 61
16 66
17 76
18 10
19 14
2 87
20 70
21 3
22 11
23 37
24 58
25 25
26 28
27 74
28 53
29 68
3 73
30 23
31 7
32 33
33 65
34 36
35 17
36 18
37 56
38 24
39 92
4 39
40 77
41 30
42 69
43 5
44 42
45 41
46 83
47 90
48 12
49 1
5 40
50 72
51 86
52 47
53 67
55 59
56 80
57 22
58 54
6 27
60 91
61 9
62 31
63 75
64 0
65 19
66 29
67 57
68 4
69 55
7 35
72 38
73 49
74 88
75 20
76 60
77 79
78 46
79 82
8 71
80 45
81 21
82 15
84 89
85 51
86 32
87 78
88 44
89 64
9 48
90 81
91 62
92 13
93 34
94 8
95 50
96 16
97 43
98 52
99 63
Insert 15 93 in sorted order
1 85
10 26
100 84
11 6
12 2
14 61
15 93
16 66
17 76
18 10
19 14
2 87
20 70
21 3
22 11
23 37
24 58
25 25
26 28
27 74
28 53
29 68
3 73
30 23
31 7
32 33
33 65
34 36
35 17
36 18
37 56
38 24
39 92
4 39
40 77
41 30
42 69
43 5
44 42
45 41
46 83
47 90
48 12
49 1
5 40
50 72
51 86
52 47
53 67
55 59
56 80
57 22
58 54
6 27
60 91
61 9
62 31
63 75
64 0
65 19
66 29
67 57
68 4
69 55
7 35
72 38
73 49
74 88
75 20
76 60
77 79
78 46
79 82
8 71
80 45
81 21
82 15
84 89
85 51
86 32
87 78
88 44
89 64
9 48
90 81
91 62
92 13
93 34
94 8
95 50
96 16
97 43
98 52
99 63
Insert 70 94 in sorted order
1 85
10 26
100 84
11 6
12 2
14 61
15 93
16 66
17 76
18 10
19 14
2 87
20 70
21 3
22 11
23 37
24 58
25 25
26 28
27 74
28 53
29 68
3 73
30 23
31 7
32 33
33 65
34 36
35 17
36 18
37 56
38 24
39 92
4 39
40 77
41 30
42 69
43 5
44 42
45 41
46 83
47 90
48 12
49 1
5 40
50 72
51 86
52 47
53 67
55 59
56 80
57 22
58 54
6 27
60 91
61 9
62 31
63 75
64 0
65 19
66 29
67 57
68 4
69 55
7 35
70 94
72 38
73 49
74 88
75 20
76 60
77 79
78 46
79 82
8 71
80 45
81 21
82 15
84 89
85 51
86 32
87 78
88 44
89 64
9 48
90 81
91 62
92 13
93 34
94 8
95 50
96 16
97 43
98 52
99 63
Insert 54 95 in sorted order
1 85
10 26
100 84
11 6
12 2
14 61
15 93
16 66
17 76
18 10
19 14
2 87
20 70
21 3
22 11
23 37
24 58
25 25
26 28
27 74
28 53
29 68
3 73
30 23
31 7
32 33
33 65
34 36
35 17
36 18
37 56
38 24
39 92
4 39
40 77
41 30
42 69
43 5
44 42
45 41
46 83
47 90
48 12
49 1
5 40
50 72
51 86
52 47
53 67
54 95
55 59
56 80
57 22
58 54
6 27
60 91
61 9
62 31
63 75
64 0
65 19
66 29
67 57
68 4
69 55
7 35
70 94
72 38
73 49
74 88
75 20
76 60
77 79
78 46
79 82
8 71
80 45
81 21
82 15
84 89
85 51
86 32
87 78
88 44
89 64
9 48
90 81
91 62
92 13
93 34
94 8
95 50
96 16
97 43
98 52
99 63
Insert 59 96 in sorted order
1 85
10 26
100 84
11 6
12 2
14 61
15 93
16 66
17 76
18 10
19 14
2 87
20 70
21 3
22 11
23 37
24 58
25 25
26 28
27 74
28 53
29 68
3 73
30 23
31 7
32 33
33 65
34 36
35 17
36 18
37 56
38 24
39 92
4 39
40 77
41 30
42 69
43 5
44 42
45 41
46 83
47 90
48 12
49 1
5 40
50 72
51 86
52 47
53 67
54 95
55 59
56 80
57 22
58 54
59 96
6 27
60 91
61 9
62 31
63 75
64 0
65 19
66 29
67 57
68 4
69 55
7 35
70 94
72 38
73 49
74 88
75 20
76 60
77 79
78 46
79 82
8 71
80 45
81 21
82 15
84 89
85 51
86 32
87 78
88 44
89 64
9 48
90 81
91 62
92 13
93 34
94 8
95 50
96 16
97 43
98 52
99 63
Insert 13 97 in sorted order
1 85
10 26
100 84
11 6
12 2
13 97
14 61
15 93
16 66
17 76
18 10
19 14
2 87
20 70
21 3
22 11
23 37
24 58
25 25
26 28
27 74
28 53
29 68
3 73
30 23
31 7
32 33
33 65
34 36
35 17
36 18
37 56
38 24
39 92
4 39
40 77
41 30
42 69
43 5
44 42
45 41
46 83
47 90
48 12
49 1
5 40
50 72
51 86
52 47
53 67
54 95
55 59
56 80
57 22
58 54
59 96
6 27
60 91
61 9
62 31
63 75
64 0
65 19
66 29
67 57
68 4
69 55
7 35
70 94
72 38
73 49
74 88
75 20
76 60
77 79
78 46
79 82
8 71
80 45
81 21
82 15
84 89
85 51
86 32
87 78
88 44
89 64
9 48
90 81
91 62
92 13
93 34
94 8
95 50
96 16
97 43
98 52
99 63
Insert 83 98 in sorted order
1 85
10 26
100 84
11 6
12 2
13 97
14 61
15 93
16 66
17 76
18 10
19 14
2 87
20 70
21 3
22 11
23 37
24 58
25 25
26 28
27 74
28 53
29 68
3 73
30 23
31 7
32 33
33 65
34 36
35 17
36 18
37 56
38 24
39 92
4 39
40 77
41 30
42 69
43 5
44 42
45 41
46 83
47 90
48 12
49 1
5 40
50 72
51 86
52 47
53 67
54 95
55 59
56 80
57 22
58 54
59 96
6 27
60 91
61 9
62 31
63 75
64 0
65 19
66 29
67 57
68 4
69 55
7 35
70 94
72 38
73 49
74 88
75 20
76 60
77 79
78 46
79 82
8 71
80 45
81 21
82 15
83 98
84 89
85 51
86 32
87 78
88 44
89 64
9 48
90 81
91 62
92 13
93 34
94 8
95 50
96 16
97 43
98 52
99 63
Insert 71 99 in sorted order
1 85
10 26
100 84
11 6
12 2
13 97
14 61
15 93
16 66
17 76
18 10
19 14
2 87
20 70
21 3
22 11
23 37
24 58
25 25
26 28
27 74
28 53
29 68
3 73
30 23
31 7
32 33
33 65
34 36
35 17
36 18
37 56
38 24
39 92
4 39
40 77
41 30
42 69
43 5
44 42
45 41
46 83
47 90
48 12
49 1
5 40
50 72
51 86
52 47
53 67
54 95
55 59
56 80
57 22
58 54
59 96
6 27
60 91
61 9
62 31
63 75
64 0
65 19
66 29
67 57
68 4
69 55
7 35
70 94
71 99
72 38
73 49
74 88
75 20
76 60
77 79
78 46
79 82
8 71
80 45
81 21
82 15
83 98
84 89
85 51
86 32
87 78
88 44
89 64
9 48
90 81
91 62
92 13
93 34
94 8
95 50
96 16
97 43
98 52
99 63
Failed to find: propeller
Failed to find: antimasonry
Failed to find: dacryon
Failed to find: unread
Failed to find: prosogyrate
Failed to find: omnimeter
Failed to find: thysanurous
Failed to find: overquickly
Failed to find: doucely
Failed to find: leucocytoplania
Failed to find: metrophotography
Failed to find: anhalouidine
Failed to find: droitural
Failed to find: humorist
Failed to find: dynamogenic
Failed to find: recuperation
Failed to find: apocynum
Failed to find: unforsaken
Failed to find: ulotrichaceous
Failed to find: autem
Failed to find: undevious
Failed to find: infraterritorial
Failed to find: precontroversy
Failed to find: subbourdon
Failed to find: viverrine
Failed to find: semisucculent
Failed to find: clinopodium
Failed to find: mycosterol
Failed to find: waistcoatless
Failed to find: tepal
Failed to find: goburra
Failed to find: nonaristocratic
Failed to find: setoff
Failed to find: rebeck
Failed to find: cropper
Failed to find: isatic
Failed to find: uglification
Failed to find: salva
Failed to find: mastigophora
Failed to find: catechismal
Failed to find: securifera
Failed to find: em
Failed to find: pneumonolith
Failed to find: suspensation
Failed to find: surplusage
Failed to find: nonperiodical
Failed to find: each
Failed to find: guildic
Failed to find: untyrannical
Failed to find: nontestamentary
Failed to find: dewclawed
Failed to find: taloned
Failed to find: pyrocatechuic
Failed to find: specificative
Failed to find: iodate
Failed to find: clarin
Failed to find: vagueness
Failed to find: subplantigrade
Failed to find: monochromatism
Failed to find: hypodermal
Failed to find: autoinfection
Failed to find: moneybag
Failed to find: pneumohydrothorax
Failed to find: unexemplifiable
Failed to find: mouillation
Failed to find: applotment
Failed to find: gulp
Failed to find: blindfolded
Failed to find: sadism
Failed to find: ophism
Failed to find: scissorwise
Failed to find: unskaithd
Failed to find: unreproving
Failed to find: analkalinity
Failed to find: demicoronal
Failed to find: hypotarsal
Failed to find: inattentive
Failed to find: filefish
Failed to find: encraty
Failed to find: visitational
Failed to find: unregard
Failed to find: unpreservable
Failed to find: ungettable
Failed to find: besomer
Failed to find: alchimy
Failed to find: akcheh
Failed to find: forereading
Failed to find: idioelectrical
Failed to find: gingernut
Failed to find: ultraradical
Failed to find: woodendite
Failed to find: acrotarsium
Failed to find: fermentology
Failed to find: may
Failed to find: heteroploid
Failed to find: centricality
Failed to find: outscore
Failed to find: radiolite
Failed to find: rhincospasm
Failed to find: rudistae
Now removing elements.
Failed to find node to remove: propeller
1 85
10 26
100 84
11 6
12 2
13 97
14 61
15 93
16 66
17 76
18 10
19 14
2 87
20 70
21 3
22 11
23 37
24 58
25 25
26 28
27 74
28 53
29 68
3 73
30 23
31 7
32 33
33 65
34 36
35 17
36 18
37 56
38 24
39 92
4 39
40 77
41 30
42 69
43 5
44 42
45 41
46 83
47 90
48 12
49 1
5 40
50 72
51 86
52 47
53 67
54 95
55 59
56 80
57 22
58 54
59 96
6 27
60 91
61 9
62 31
63 75
64 0
65 19
66 29
67 57
68 4
69 55
7 35
70 94
71 99
72 38
73 49
74 88
75 20
76 60
77 79
78 46
79 82
8 71
80 45
81 21
82 15
83 98
84 89
85 51
86 32
87 78
88 44
89 64
9 48
90 81
91 62
92 13
93 34
94 8
95 50
96 16
97 43
98 52
99 63
Failed to find node to remove: antimasonry
1 85
10 26
100 84
11 6
12 2
13 97
14 61
15 93
16 66
17 76
18 10
19 14
2 87
20 70
21 3
22 11
23 37
24 58
25 25
26 28
27 74
28 53
29 68
3 73
30 23
31 7
32 33
33 65
34 36
35 17
36 18
37 56
38 24
39 92
4 39
40 77
41 30
42 69
43 5
44 42
45 41
46 83
47 90
48 12
49 1
5 40
50 72
51 86
52 47
53 67
54 95
55 59
56 80
57 22
58 54
59 96
6 27
60 91
61 9
62 31
63 75
64 0
65 19
66 29
67 57
68 4
69 55
7 35
70 94
71 99
72 38
73 49
74 88
75 20
76 60
77 79
78 46
79 82
8 71
80 45
81 21
82 15
83 98
84 89
85 51
86 32
87 78
88 44
89 64
9 48
90 81
91 62
92 13
93 34
94 8
95 50
96 16
97 43
98 52
99 63
Failed to find node to remove: dacryon
1 85
10 26
100 84
11 6
12 2
13 97
14 61
15 93
16 66
17 76
18 10
19 14
2 87
20 70
21 3
22 11
23 37
24 58
25 25
26 28
27 74
28 53
29 68
3 73
30 23
31 7
32 33
33 65
34 36
35 17
36 18
37 56
38 24
39 92
4 39
40 77
41 30
42 69
43 5
44 42
45 41
46 83
47 90
48 12
49 1
5 40
50 72
51 86
52 47
53 67
54 95
55 59
56 80
57 22
58 54
59 96
6 27
60 91
61 9
62 31
63 75
64 0
65 19
66 29
67 57
68 4
69 55
7 35
70 94
71 99
72 38
73 49
74 88
75 20
76 60
77 79
78 46
79 82
8 71
80 45
81 21
82 15
83 98
84 89
85 51
86 32
87 78
88 44
89 64
9 48
90 81
91 62
92 13
93 34
94 8
95 50
96 16
97 43
98 52
99 63
Failed to find node to remove: unread
1 85
10 26
100 84
11 6
12 2
13 97
14 61
15 93
16 66
17 76
18 10
19 14
2 87
20 70
21 3
22 11
23 37
24 58
25 25
26 28
27 74
28 53
29 68
3 73
30 23
31 7
32 33
33 65
34 36
35 17
36 18
37 56
38 24
39 92
4 39
40 77
41 30
42 69
43 5
44 42
45 41
46 83
47 90
48 12
49 1
5 40
50 72
51 86
52 47
53 67
54 95
55 59
56 80
57 22
58 54
59 96
6 27
60 91
61 9
62 31
63 75
64 0
65 19
66 29
67 57
68 4
69 55
7 35
70 94
71 99
72 38
73 49
74 88
75 20
76 60
77 79
78 46
79 82
8 71
80 45
81 21
82 15
83 98
84 89
85 51
86 32
87 78
88 44
89 64
9 48
90 81
91 62
92 13
93 34
94 8
95 50
96 16
97 43
98 52
99 63
Failed to find node to remove: prosogyrate
1 85
10 26
100 84
11 6
12 2
13 97
14 61
15 93
16 66
17 76
18 10
19 14
2 87
20 70
21 3
22 11
23 37
24 58
25 25
26 28
27 74
28 53
29 68
3 73
30 23
31 7
32 33
33 65
34 36
35 17
36 18
37 56
38 24
39 92
4 39
40 77
41 30
42 69
43 5
44 42
45 41
46 83
47 90
48 12
49 1
5 40
50 72
51 86
52 47
53 67
54 95
55 59
56 80
57 22
58 54
59 96
6 27
60 91
61 9
62 31
63 75
64 0
65 19
66 29
67 57
68 4
69 55
7 35
70 94
71 99
72 38
73 49
74 88
75 20
76 60
77 79
78 46
79 82
8 71
80 45
81 21
82 15
83 98
84 89
85 51
86 32
87 78
88 44
89 64
9 48
90 81
91 62
92 13
93 34
94 8
95 50
96 16
97 43
98 52
99 63
Failed to find node to remove: omnimeter
1 85
10 26
100 84
11 6
12 2
13 97
14 61
15 93
16 66
17 76
18 10
19 14
2 87
20 70
21 3
22 11
23 37
24 58
25 25
26 28
27 74
28 53
29 68
3 73
30 23
31 7
32 33
33 65
34 36
35 17
36 18
37 56
38 24
39 92
4 39
40 77
41 30
42 69
43 5
44 42
45 41
46 83
47 90
48 12
49 1
5 40
50 72
51 86
52 47
53 67
54 95
55 59
56 80
57 22
58 54
59 96
6 27
60 91
61 9
62 31
63 75
64 0
65 19
66 29
67 57
68 4
69 55
7 35
70 94
71 99
72 38
73 49
74 88
75 20
76 60
77 79
78 46
79 82
8 71
80 45
81 21
82 15
83 98
84 89
85 51
86 32
87 78
88 44
89 64
9 48
90 81
91 62
92 13
93 34
94 8
95 50
96 16
97 43
98 52
99 63
Failed to find node to remove: thysanurous
1 85
10 26
100 84
11 6
12 2
13 97
14 61
15 93
16 66
17 76
18 10
19 14
2 87
20 70
21 3
22 11
23 37
24 58
25 25
26 28
27 74
28 53
29 68
3 73
30 23
31 7
32 33
33 65
34 36
35 17
36 18
37 56
38 24
39 92
4 39
40 77
41 30
42 69
43 5
44 42
45 41
46 83
47 90
48 12
49 1
5 40
50 72
51 86
52 47
53 67
54 95
55 59
56 80
57 22
58 54
59 96
6 27
60 91
61 9
62 31
63 75
64 0
65 19
66 29
67 57
68 4
69 55
7 35
70 94
71 99
72 38
73 49
74 88
75 20
76 60
77 79
78 46
79 82
8 71
80 45
81 21
82 15
83 98
84 89
85 51
86 32
87 78
88 44
89 64
9 48
90 81
91 62
92 13
93 34
94 8
95 50
96 16
97 43
98 52
99 63
Failed to find node to remove: overquickly
1 85
10 26
100 84
11 6
12 2
13 97
14 61
15 93
16 66
17 76
18 10
19 14
2 87
20 70
21 3
22 11
23 37
24 58
25 25
26 28
27 74
28 53
29 68
3 73
30 23
31 7
32 33
33 65
34 36
35 17
36 18
37 56
38 24
39 92
4 39
40 77
41 30
42 69
43 5
44 42
45 41
46 83
47 90
48 12
49 1
5 40
50 72
51 86
52 47
53 67
54 95
55 59
56 80
57 22
58 54
59 96
6 27
60 91
61 9
62 31
63 75
64 0
65 19
66 29
67 57
68 4
69 55
7 35
70 94
71 99
72 38
73 49
74 88
75 20
76 60
77 79
78 46
79 82
8 71
80 45
81 21
82 15
83 98
84 89
85 51
86 32
87 78
88 44
89 64
9 48
90 81
91 62
92 13
93 34
94 8
95 50
96 16
97 43
98 52
99 63
Failed to find node to remove: doucely
1 85
10 26
100 84
11 6
12 2
13 97
14 61
15 93
16 66
17 76
18 10
19 14
2 87
20 70
21 3
22 11
23 37
24 58
25 25
26 28
27 74
28 53
29 68
3 73
30 23
31 7
32 33
33 65
34 36
35 17
36 18
37 56
38 24
39 92
4 39
40 77
41 30
42 69
43 5
44 42
45 41
46 83
47 90
48 12
49 1
5 40
50 72
51 86
52 47
53 67
54 95
55 59
56 80
57 22
58 54
59 96
6 27
60 91
61 9
62 31
63 75
64 0
65 19
66 29
67 57
68 4
69 55
7 35
70 94
71 99
72 38
73 49
74 88
75 20
76 60
77 79
78 46
79 82
8 71
80 45
81 21
82 15
83 98
84 89
85 51
86 32
87 78
88 44
89 64
9 48
90 81
91 62
92 13
93 34
94 8
95 50
96 16
97 43
98 52
99 63
Failed to find node to remove: leucocytoplania
1 85
10 26
100 84
11 6
12 2
13 97
14 61
15 93
16 66
17 76
18 10
19 14
2 87
20 70
21 3
22 11
23 37
24 58
25 25
26 28
27 74
28 53
29 68
3 73
30 23
31 7
32 33
33 65
34 36
35 17
36 18
37 56
38 24
39 92
4 39
40 77
41 30
42 69
43 5
44 42
45 41
46 83
47 90
48 12
49 1
5 40
50 72
51 86
52 47
53 67
54 95
55 59
56 80
57 22
58 54
59 96
6 27
60 91
61 9
62 31
63 75
64 0
65 19
66 29
67 57
68 4
69 55
7 35
70 94
71 99
72 38
73 49
74 88
75 20
76 60
77 79
78 46
79 82
8 71
80 45
81 21
82 15
83 98
84 89
85 51
86 32
87 78
88 44
89 64
9 48
90 81
91 62
92 13
93 34
94 8
95 50
96 16
97 43
98 52
99 63
Failed to find node to remove: metrophotography
1 85
10 26
100 84
11 6
12 2
13 97
14 61
15 93
16 66
17 76
18 10
19 14
2 87
20 70
21 3
22 11
23 37
24 58
25 25
26 28
27 74
28 53
29 68
3 73
30 23
31 7
32 33
33 65
34 36
35 17
36 18
37 56
38 24
39 92
4 39
40 77
41 30
42 69
43 5
44 42
45 41
46 83
47 90
48 12
49 1
5 40
50 72
51 86
52 47
53 67
54 95
55 59
56 80
57 22
58 54
59 96
6 27
60 91
61 9
62 31
63 75
64 0
65 19
66 29
67 57
68 4
69 55
7 35
70 94
71 99
72 38
73 49
74 88
75 20
76 60
77 79
78 46
79 82
8 71
80 45
81 21
82 15
83 98
84 89
85 51
86 32
87 78
88 44
89 64
9 48
90 81
91 62
92 13
93 34
94 8
95 50
96 16
97 43
98 52
99 63
Failed to find node to remove: anhalouidine
1 85
10 26
100 84
11 6
12 2
13 97
14 61
15 93
16 66
17 76
18 10
19 14
2 87
20 70
21 3
22 11
23 37
24 58
25 25
26 28
27 74
28 53
29 68
3 73
30 23
31 7
32 33
33 65
34 36
35 17
36 18
37 56
38 24
39 92
4 39
40 77
41 30
42 69
43 5
44 42
45 41
46 83
47 90
48 12
49 1
5 40
50 72
51 86
52 47
53 67
54 95
55 59
56 80
57 22
58 54
59 96
6 27
60 91
61 9
62 31
63 75
64 0
65 19
66 29
67 57
68 4
69 55
7 35
70 94
71 99
72 38
73 49
74 88
75 20
76 60
77 79
78 46
79 82
8 71
80 45
81 21
82 15
83 98
84 89
85 51
86 32
87 78
88 44
89 64
9 48
90 81
91 62
92 13
93 34
94 8
95 50
96 16
97 43
98 52
99 63
Failed to find node to remove: droitural
1 85
10 26
100 84
11 6
12 2
13 97
14 61
15 93
16 66
17 76
18 10
19 14
2 87
20 70
21 3
22 11
23 37
24 58
25 25
26 28
27 74
28 53
29 68
3 73
30 23
31 7
32 33
33 65
34 36
35 17
36 18
37 56
38 24
39 92
4 39
40 77
41 30
42 69
43 5
44 42
45 41
46 83
47 90
48 12
49 1
5 40
50 72
51 86
52 47
53 67
54 95
55 59
56 80
57 22
58 54
59 96
6 27
60 91
61 9
62 31
63 75
64 0
65 19
66 29
67 57
68 4
69 55
7 35
70 94
71 99
72 38
73 49
74 88
75 20
76 60
77 79
78 46
79 82
8 71
80 45
81 21
82 15
83 98
84 89
85 51
86 32
87 78
88 44
89 64
9 48
90 81
91 62
92 13
93 34
94 8
95 50
96 16
97 43
98 52
99 63
Failed to find node to remove: humorist
1 85
10 26
100 84
11 6
12 2
13 97
14 61
15 93
16 66
17 76
18 10
19 14
2 87
20 70
21 3
22 11
23 37
24 58
25 25
26 28
27 74
28 53
29 68
3 73
30 23
31 7
32 33
33 65
34 36
35 17
36 18
37 56
38 24
39 92
4 39
40 77
41 30
42 69
43 5
44 42
45 41
46 83
47 90
48 12
49 1
5 40
50 72
51 86
52 47
53 67
54 95
55 59
56 80
57 22
58 54
59 96
6 27
60 91
61 9
62 31
63 75
64 0
65 19
66 29
67 57
68 4
69 55
7 35
70 94
71 99
72 38
73 49
74 88
75 20
76 60
77 79
78 46
79 82
8 71
80 45
81 21
82 15
83 98
84 89
85 51
86 32
87 78
88 44
89 64
9 48
90 81
91 62
92 13
93 34
94 8
95 50
96 16
97 43
98 52
99 63
Failed to find node to remove: dynamogenic
1 85
10 26
100 84
11 6
12 2
13 97
14 61
15 93
16 66
17 76
18 10
19 14
2 87
20 70
21 3
22 11
23 37
24 58
25 25
26 28
27 74
28 53
29 68
3 73
30 23
31 7
32 33
33 65
34 36
35 17
36 18
37 56
38 24
39 92
4 39
40 77
41 30
42 69
43 5
44 42
45 41
46 83
47 90
48 12
49 1
5 40
50 72
51 86
52 47
53 67
54 95
55 59
56 80
57 22
58 54
59 96
6 27
60 91
61 9
62 31
63 75
64 0
65 19
66 29
67 57
68 4
69 55
7 35
70 94
71 99
72 38
73 49
74 88
75 20
76 60
77 79
78 46
79 82
8 71
80 45
81 21
82 15
83 98
84 89
85 51
86 32
87 78
88 44
89 64
9 48
90 81
91 62
92 13
93 34
94 8
95 50
96 16
97 43
98 52
99 63
Failed to find node to remove: recuperation
1 85
10 26
100 84
11 6
12 2
13 97
14 61
15 93
16 66
17 76
18 10
19 14
2 87
20 70
21 3
22 11
23 37
24 58
25 25
26 28
27 74
28 53
29 68
3 73
30 23
31 7
32 33
33 65
34 36
35 17
36 18
37 56
38 24
39 92
4 39
40 77
41 30
42 69
43 5
44 42
45 41
46 83
47 90
48 12
49 1
5 40
50 72
51 86
52 47
53 67
54 95
55 59
56 80
57 22
58 54
59 96
6 27
60 91
61 9
62 31
63 75
64 0
65 19
66 29
67 57
68 4
69 55
7 35
70 94
71 99
72 38
73 49
74 88
75 20
76 60
77 79
78 46
79 82
8 71
80 45
81 21
82 15
83 98
84 89
85 51
86 32
87 78
88 44
89 64
9 48
90 81
91 62
92 13
93 34
94 8
95 50
96 16
97 43
98 52
99 63
Failed to find node to remove: apocynum
1 85
10 26
100 84
11 6
12 2
13 97
14 61
15 93
16 66
17 76
18 10
19 14
2 87
20 70
21 3
22 11
23 37
24 58
25 25
26 28
27 74
28 53
29 68
3 73
30 23
31 7
32 33
33 65
34 36
35 17
36 18
37 56
38 24
39 92
4 39
40 77
41 30
42 69
43 5
44 42
45 41
46 83
47 90
48 12
49 1
5 40
50 72
51 86
52 47
53 67
54 95
55 59
56 80
57 22
58 54
59 96
6 27
60 91
61 9
62 31
63 75
64 0
65 19
66 29
67 57
68 4
69 55
7 35
70 94
71 99
72 38
73 49
74 88
75 20
76 60
77 79
78 46
79 82
8 71
80 45
81 21
82 15
83 98
84 89
85 51
86 32
87 78
88 44
89 64
9 48
90 81
91 62
92 13
93 34
94 8
95 50
96 16
97 43
98 52
99 63
Failed to find node to remove: unforsaken
1 85
10 26
100 84
11 6
12 2
13 97
14 61
15 93
16 66
17 76
18 10
19 14
2 87
20 70
21 3
22 11
23 37
24 58
25 25
26 28
27 74
28 53
29 68
3 73
30 23
31 7
32 33
33 65
34 36
35 17
36 18
37 56
38 24
39 92
4 39
40 77
41 30
42 69
43 5
44 42
45 41
46 83
47 90
48 12
49 1
5 40
50 72
51 86
52 47
53 67
54 95
55 59
56 80
57 22
58 54
59 96
6 27
60 91
61 9
62 31
63 75
64 0
65 19
66 29
67 57
68 4
69 55
7 35
70 94
71 99
72 38
73 49
74 88
75 20
76 60
77 79
78 46
79 82
8 71
80 45
81 21
82 15
83 98
84 89
85 51
86 32
87 78
88 44
89 64
9 48
90 81
91 62
92 13
93 34
94 8
95 50
96 16
97 43
98 52
99 63
Failed to find node to remove: ulotrichaceous
1 85
10 26
100 84
11 6
12 2
13 97
14 61
15 93
16 66
17 76
18 10
19 14
2 87
20 70
21 3
22 11
23 37
24 58
25 25
26 28
27 74
28 53
29 68
3 73
30 23
31 7
32 33
33 65
34 36
35 17
36 18
37 56
38 24
39 92
4 39
40 77
41 30
42 69
43 5
44 42
45 41
46 83
47 90
48 12
49 1
5 40
50 72
51 86
52 47
53 67
54 95
55 59
56 80
57 22
58 54
59 96
6 27
60 91
61 9
62 31
63 75
64 0
65 19
66 29
67 57
68 4
69 55
7 35
70 94
71 99
72 38
73 49
74 88
75 20
76 60
77 79
78 46
79 82
8 71
80 45
81 21
82 15
83 98
84 89
85 51
86 32
87 78
88 44
89 64
9 48
90 81
91 62
92 13
93 34
94 8
95 50
96 16
97 43
98 52
99 63
Failed to find node to remove: autem
1 85
10 26
100 84
11 6
12 2
13 97
14 61
15 93
16 66
17 76
18 10
19 14
2 87
20 70
21 3
22 11
23 37
24 58
25 25
26 28
27 74
28 53
29 68
3 73
30 23
31 7
32 33
33 65
34 36
35 17
36 18
37 56
38 24
39 92
4 39
40 77
41 30
42 69
43 5
44 42
45 41
46 83
47 90
48 12
49 1
5 40
50 72
51 86
52 47
53 67
54 95
55 59
56 80
57 22
58 54
59 96
6 27
60 91
61 9
62 31
63 75
64 0
65 19
66 29
67 57
68 4
69 55
7 35
70 94
71 99
72 38
73 49
74 88
75 20
76 60
77 79
78 46
79 82
8 71
80 45
81 21
82 15
83 98
84 89
85 51
86 32
87 78
88 44
89 64
9 48
90 81
91 62
92 13
93 34
94 8
95 50
96 16
97 43
98 52
99 63
Failed to find node to remove: undevious
1 85
10 26
100 84
11 6
12 2
13 97
14 61
15 93
16 66
17 76
18 10
19 14
2 87
20 70
21 3
22 11
23 37
24 58
25 25
26 28
27 74
28 53
29 68
3 73
30 23
31 7
32 33
33 65
34 36
35 17
36 18
37 56
38 24
39 92
4 39
40 77
41 30
42 69
43 5
44 42
45 41
46 83
47 90
48 12
49 1
5 40
50 72
51 86
52 47
53 67
54 95
55 59
56 80
57 22
58 54
59 96
6 27
60 91
61 9
62 31
63 75
64 0
65 19
66 29
67 57
68 4
69 55
7 35
70 94
71 99
72 38
73 49
74 88
75 20
76 60
77 79
78 46
79 82
8 71
80 45
81 21
82 15
83 98
84 89
85 51
86 32
87 78
88 44
89 64
9 48
90 81
91 62
92 13
93 34
94 8
95 50
96 16
97 43
98 52
99 63
Failed to find node to remove: infraterritorial
1 85
10 26
100 84
11 6
12 2
13 97
14 61
15 93
16 66
17 76
18 10
19 14
2 87
20 70
21 3
22 11
23 37
24 58
25 25
26 28
27 74
28 53
29 68
3 73
30 23
31 7
32 33
33 65
34 36
35 17
36 18
37 56
38 24
39 92
4 39
40 77
41 30
42 69
43 5
44 42
45 41
46 83
47 90
48 12
49 1
5 40
50 72
51 86
52 47
53 67
54 95
55 59
56 80
57 22
58 54
59 96
6 27
60 91
61 9
62 31
63 75
64 0
65 19
66 29
67 57
68 4
69 55
7 35
70 94
71 99
72 38
73 49
74 88
75 20
76 60
77 79
78 46
79 82
8 71
80 45
81 21
82 15
83 98
84 89
85 51
86 32
87 78
88 44
89 64
9 48
90 81
91 62
92 13
93 34
94 8
95 50
96 16
97 43
98 52
99 63
Failed to find node to remove: precontroversy
1 85
10 26
100 84
11 6
12 2
13 97
14 61
15 93
16 66
17 76
18 10
19 14
2 87
20 70
21 3
22 11
23 37
24 58
25 25
26 28
27 74
28 53
29 68
3 73
30 23
31 7
32 33
33 65
34 36
35 17
36 18
37 56
38 24
39 92
4 39
40 77
41 30
42 69
43 5
44 42
45 41
46 83
47 90
48 12
49 1
5 40
50 72
51 86
52 47
53 67
54 95
55 59
56 80
57 22
58 54
59 96
6 27
60 91
61 9
62 31
63 75
64 0
65 19
66 29
67 57
68 4
69 55
7 35
70 94
71 99
72 38
73 49
74 88
75 20
76 60
77 79
78 46
79 82
8 71
80 45
81 21
82 15
83 98
84 89
85 51
86 32
87 78
88 44
89 64
9 48
90 81
91 62
92 13
93 34
94 8
95 50
96 16
97 43
98 52
99 63
Failed to find node to remove: subbourdon
1 85
10 26
100 84
11 6
12 2
13 97
14 61
15 93
16 66
17 76
18 10
19 14
2 87
20 70
21 3
22 11
23 37
24 58
25 25
26 28
27 74
28 53
29 68
3 73
30 23
31 7
32 33
33 65
34 36
35 17
36 18
37 56
38 24
39 92
4 39
40 77
41 30
42 69
43 5
44 42
45 41
46 83
47 90
48 12
49 1
5 40
50 72
51 86
52 47
53 67
54 95
55 59
56 80
57 22
58 54
59 96
6 27
60 91
61 9
62 31
63 75
64 0
65 19
66 29
67 57
68 4
69 55
7 35
70 94
71 99
72 38
73 49
74 88
75 20
76 60
77 79
78 46
79 82
8 71
80 45
81 21
82 15
83 98
84 89
85 51
86 32
87 78
88 44
89 64
9 48
90 81
91 62
92 13
93 34
94 8
95 50
96 16
97 43
98 52
99 63
Failed to find node to remove: viverrine
1 85
10 26
100 84
11 6
12 2
13 97
14 61
15 93
16 66
17 76
18 10
19 14
2 87
20 70
21 3
22 11
23 37
24 58
25 25
26 28
27 74
28 53
29 68
3 73
30 23
31 7
32 33
33 65
34 36
35 17
36 18
37 56
38 24
39 92
4 39
40 77
41 30
42 69
43 5
44 42
45 41
46 83
47 90
48 12
49 1
5 40
50 72
51 86
52 47
53 67
54 95
55 59
56 80
57 22
58 54
59 96
6 27
60 91
61 9
62 31
63 75
64 0
65 19
66 29
67 57
68 4
69 55
7 35
70 94
71 99
72 38
73 49
74 88
75 20
76 60
77 79
78 46
79 82
8 71
80 45
81 21
82 15
83 98
84 89
85 51
86 32
87 78
88 44
89 64
9 48
90 81
91 62
92 13
93 34
94 8
95 50
96 16
97 43
98 52
99 63
Failed to find node to remove: semisucculent
1 85
10 26
100 84
11 6
12 2
13 97
14 61
15 93
16 66
17 76
18 10
19 14
2 87
20 70
21 3
22 11
23 37
24 58
25 25
26 28
27 74
28 53
29 68
3 73
30 23
31 7
32 33
33 65
34 36
35 17
36 18
37 56
38 24
39 92
4 39
40 77
41 30
42 69
43 5
44 42
45 41
46 83
47 90
48 12
49 1
5 40
50 72
51 86
52 47
53 67
54 95
55 59
56 80
57 22
58 54
59 96
6 27
60 91
61 9
62 31
63 75
64 0
65 19
66 29
67 57
68 4
69 55
7 35
70 94
71 99
72 38
73 49
74 88
75 20
76 60
77 79
78 46
79 82
8 71
80 45
81 21
82 15
83 98
84 89
85 51
86 32
87 78
88 44
89 64
9 48
90 81
91 62
92 13
93 34
94 8
95 50
96 16
97 43
98 52
99 63
Failed to find node to remove: clinopodium
1 85
10 26
100 84
11 6
12 2
13 97
14 61
15 93
16 66
17 76
18 10
19 14
2 87
20 70
21 3
22 11
23 37
24 58
25 25
26 28
27 74
28 53
29 68
3 73
30 23
31 7
32 33
33 65
34 36
35 17
36 18
37 56
38 24
39 92
4 39
40 77
41 30
42 69
43 5
44 42
45 41
46 83
47 90
48 12
49 1
5 40
50 72
51 86
52 47
53 67
54 95
55 59
56 80
57 22
58 54
59 96
6 27
60 91
61 9
62 31
63 75
64 0
65 19
66 29
67 57
68 4
69 55
7 35
70 94
71 99
72 38
73 49
74 88
75 20
76 60
77 79
78 46
79 82
8 71
80 45
81 21
82 15
83 98
84 89
85 51
86 32
87 78
88 44
89 64
9 48
90 81
91 62
92 13
93 34
94 8
95 50
96 16
97 43
98 52
99 63
Failed to find node to remove: mycosterol
1 85
10 26
100 84
11 6
12 2
13 97
14 61
15 93
16 66
17 76
18 10
19 14
2 87
20 70
21 3
22 11
23 37
24 58
25 25
26 28
27 74
28 53
29 68
3 73
30 23
31 7
32 33
33 65
34 36
35 17
36 18
37 56
38 24
39 92
4 39
40 77
41 30
42 69
43 5
44 42
45 41
46 83
47 90
48 12
49 1
5 40
50 72
51 86
52 47
53 67
54 95
55 59
56 80
57 22
58 54
59 96
6 27
60 91
61 9
62 31
63 75
64 0
65 19
66 29
67 57
68 4
69 55
7 35
70 94
71 99
72 38
73 49
74 88
75 20
76 60
77 79
78 46
79 82
8 71
80 45
81 21
82 15
83 98
84 89
85 51
86 32
87 78
88 44
89 64
9 48
90 81
91 62
92 13
93 34
94 8
95 50
96 16
97 43
98 52
99 63
Failed to find node to remove: waistcoatless
1 85
10 26
100 84
11 6
12 2
13 97
14 61
15 93
16 66
17 76
18 10
19 14
2 87
20 70
21 3
22 11
23 37
24 58
25 25
26 28
27 74
28 53
29 68
3 73
30 23
31 7
32 33
33 65
34 36
35 17
36 18
37 56
38 24
39 92
4 39
40 77
41 30
42 69
43 5
44 42
45 41
46 83
47 90
48 12
49 1
5 40
50 72
51 86
52 47
53 67
54 95
55 59
56 80
57 22
58 54
59 96
6 27
60 91
61 9
62 31
63 75
64 0
65 19
66 29
67 57
68 4
69 55
7 35
70 94
71 99
72 38
73 49
74 88
75 20
76 60
77 79
78 46
79 82
8 71
80 45
81 21
82 15
83 98
84 89
85 51
86 32
87 78
88 44
89 64
9 48
90 81
91 62
92 13
93 34
94 8
95 50
96 16
97 43
98 52
99 63
Failed to find node to remove: tepal
1 85
10 26
100 84
11 6
12 2
13 97
14 61
15 93
16 66
17 76
18 10
19 14
2 87
20 70
21 3
22 11
23 37
24 58
25 25
26 28
27 74
28 53
29 68
3 73
30 23
31 7
32 33
33 65
34 36
35 17
36 18
37 56
38 24
39 92
4 39
40 77
41 30
42 69
43 5
44 42
45 41
46 83
47 90
48 12
49 1
5 40
50 72
51 86
52 47
53 67
54 95
55 59
56 80
57 22
58 54
59 96
6 27
60 91
61 9
62 31
63 75
64 0
65 19
66 29
67 57
68 4
69 55
7 35
70 94
71 99
72 38
73 49
74 88
75 20
76 60
77 79
78 46
79 82
8 71
80 45
81 21
82 15
83 98
84 89
85 51
86 32
87 78
88 44
89 64
9 48
90 81
91 62
92 13
93 34
94 8
95 50
96 16
97 43
98 52
99 63
Failed to find node to remove: goburra
1 85
10 26
100 84
11 6
12 2
13 97
14 61
15 93
16 66
17 76
18 10
19 14
2 87
20 70
21 3
22 11
23 37
24 58
25 25
26 28
27 74
28 53
29 68
3 73
30 23
31 7
32 33
33 65
34 36
35 17
36 18
37 56
38 24
39 92
4 39
40 77
41 30
42 69
43 5
44 42
45 41
46 83
47 90
48 12
49 1
5 40
50 72
51 86
52 47
53 67
54 95
55 59
56 80
57 22
58 54
59 96
6 27
60 91
61 9
62 31
63 75
64 0
65 19
66 29
67 57
68 4
69 55
7 35
70 94
71 99
72 38
73 49
74 88
75 20
76 60
77 79
78 46
79 82
8 71
80 45
81 21
82 15
83 98
84 89
85 51
86 32
87 78
88 44
89 64
9 48
90 81
91 62
92 13
93 34
94 8
95 50
96 16
97 43
98 52
99 63
Failed to find node to remove: nonaristocratic
1 85
10 26
100 84
11 6
12 2
13 97
14 61
15 93
16 66
17 76
18 10
19 14
2 87
20 70
21 3
22 11
23 37
24 58
25 25
26 28
27 74
28 53
29 68
3 73
30 23
31 7
32 33
33 65
34 36
35 17
36 18
37 56
38 24
39 92
4 39
40 77
41 30
42 69
43 5
44 42
45 41
46 83
47 90
48 12
49 1
5 40
50 72
51 86
52 47
53 67
54 95
55 59
56 80
57 22
58 54
59 96
6 27
60 91
61 9
62 31
63 75
64 0
65 19
66 29
67 57
68 4
69 55
7 35
70 94
71 99
72 38
73 49
74 88
75 20
76 60
77 79
78 46
79 82
8 71
80 45
81 21
82 15
83 98
84 89
85 51
86 32
87 78
88 44
89 64
9 48
90 81
91 62
92 13
93 34
94 8
95 50
96 16
97 43
98 52
99 63
Failed to find node to remove: setoff
1 85
10 26
100 84
11 6
12 2
13 97
14 61
15 93
16 66
17 76
18 10
19 14
2 87
20 70
21 3
22 11
23 37
24 58
25 25
26 28
27 74
28 53
29 68
3 73
30 23
31 7
32 33
33 65
34 36
35 17
36 18
37 56
38 24
39 92
4 39
40 77
41 30
42 69
43 5
44 42
45 41
46 83
47 90
48 12
49 1
5 40
50 72
51 86
52 47
53 67
54 95
55 59
56 80
57 22
58 54
59 96
6 27
60 91
61 9
62 31
63 75
64 0
65 19
66 29
67 57
68 4
69 55
7 35
70 94
71 99
72 38
73 49
74 88
75 20
76 60
77 79
78 46
79 82
8 71
80 45
81 21
82 15
83 98
84 89
85 51
86 32
87 78
88 44
89 64
9 48
90 81
91 62
92 13
93 34
94 8
95 50
96 16
97 43
98 52
99 63
Failed to find node to remove: rebeck
1 85
10 26
100 84
11 6
12 2
13 97
14 61
15 93
16 66
17 76
18 10
19 14
2 87
20 70
21 3
22 11
23 37
24 58
25 25
26 28
27 74
28 53
29 68
3 73
30 23
31 7
32 33
33 65
34 36
35 17
36 18
37 56
38 24
39 92
4 39
40 77
41 30
42 69
43 5
44 42
45 41
46 83
47 90
48 12
49 1
5 40
50 72
51 86
52 47
53 67
54 95
55 59
56 80
57 22
58 54
59 96
6 27
60 91
61 9
62 31
63 75
64 0
65 19
66 29
67 57
68 4
69 55
7 35
70 94
71 99
72 38
73 49
74 88
75 20
76 60
77 79
78 46
79 82
8 71
80 45
81 21
82 15
83 98
84 89
85 51
86 32
87 78
88 44
89 64
9 48
90 81
91 62
92 13
93 34
94 8
95 50
96 16
97 43
98 52
99 63
Failed to find node to remove: cropper
1 85
10 26
100 84
11 6
12 2
13 97
14 61
15 93
16 66
17 76
18 10
19 14
2 87
20 70
21 3
22 11
23 37
24 58
25 25
26 28
27 74
28 53
29 68
3 73
30 23
31 7
32 33
33 65
34 36
35 17
36 18
37 56
38 24
39 92
4 39
40 77
41 30
42 69
43 5
44 42
45 41
46 83
47 90
48 12
49 1
5 40
50 72
51 86
52 47
53 67
54 95
55 59
56 80
57 22
58 54
59 96
6 27
60 91
61 9
62 31
63 75
64 0
65 19
66 29
67 57
68 4
69 55
7 35
70 94
71 99
72 38
73 49
74 88
75 20
76 60
77 79
78 46
79 82
8 71
80 45
81 21
82 15
83 98
84 89
85 51
86 32
87 78
88 44
89 64
9 48
90 81
91 62
92 13
93 34
94 8
95 50
96 16
97 43
98 52
99 63
Failed to find node to remove: isatic
1 85
10 26
100 84
11 6
12 2
13 97
14 61
15 93
16 66
17 76
18 10
19 14
2 87
20 70
21 3
22 11
23 37
24 58
25 25
26 28
27 74
28 53
29 68
3 73
30 23
31 7
32 33
33 65
34 36
35 17
36 18
37 56
38 24
39 92
4 39
40 77
41 30
42 69
43 5
44 42
45 41
46 83
47 90
48 12
49 1
5 40
50 72
51 86
52 47
53 67
54 95
55 59
56 80
57 22
58 54
59 96
6 27
60 91
61 9
62 31
63 75
64 0
65 19
66 29
67 57
68 4
69 55
7 35
70 94
71 99
72 38
73 49
74 88
75 20
76 60
77 79
78 46
79 82
8 71
80 45
81 21
82 15
83 98
84 89
85 51
86 32
87 78
88 44
89 64
9 48
90 81
91 62
92 13
93 34
94 8
95 50
96 16
97 43
98 52
99 63
Failed to find node to remove: uglification
1 85
10 26
100 84
11 6
12 2
13 97
14 61
15 93
16 66
17 76
18 10
19 14
2 87
20 70
21 3
22 11
23 37
24 58
25 25
26 28
27 74
28 53
29 68
3 73
30 23
31 7
32 33
33 65
34 36
35 17
36 18
37 56
38 24
39 92
4 39
40 77
41 30
42 69
43 5
44 42
45 41
46 83
47 90
48 12
49 1
5 40
50 72
51 86
52 47
53 67
54 95
55 59
56 80
57 22
58 54
59 96
6 27
60 91
61 9
62 31
63 75
64 0
65 19
66 29
67 57
68 4
69 55
7 35
70 94
71 99
72 38
73 49
74 88
75 20
76 60
77 79
78 46
79 82
8 71
80 45
81 21
82 15
83 98
84 89
85 51
86 32
87 78
88 44
89 64
9 48
90 81
91 62
92 13
93 34
94 8
95 50
96 16
97 43
98 52
99 63
Failed to find node to remove: salva
1 85
10 26
100 84
11 6
12 2
13 97
14 61
15 93
16 66
17 76
18 10
19 14
2 87
20 70
21 3
22 11
23 37
24 58
25 25
26 28
27 74
28 53
29 68
3 73
30 23
31 7
32 33
33 65
34 36
35 17
36 18
37 56
38 24
39 92
4 39
40 77
41 30
42 69
43 5
44 42
45 41
46 83
47 90
48 12
49 1
5 40
50 72
51 86
52 47
53 67
54 95
55 59
56 80
57 22
58 54
59 96
6 27
60 91
61 9
62 31
63 75
64 0
65 19
66 29
67 57
68 4
69 55
7 35
70 94
71 99
72 38
73 49
74 88
75 20
76 60
77 79
78 46
79 82
8 71
80 45
81 21
82 15
83 98
84 89
85 51
86 32
87 78
88 44
89 64
9 48
90 81
91 62
92 13
93 34
94 8
95 50
96 16
97 43
98 52
99 63
Failed to find node to remove: mastigophora
1 85
10 26
100 84
11 6
12 2
13 97
14 61
15 93
16 66
17 76
18 10
19 14
2 87
20 70
21 3
22 11
23 37
24 58
25 25
26 28
27 74
28 53
29 68
3 73
30 23
31 7
32 33
33 65
34 36
35 17
36 18
37 56
38 24
39 92
4 39
40 77
41 30
42 69
43 5
44 42
45 41
46 83
47 90
48 12
49 1
5 40
50 72
51 86
52 47
53 67
54 95
55 59
56 80
57 22
58 54
59 96
6 27
60 91
61 9
62 31
63 75
64 0
65 19
66 29
67 57
68 4
69 55
7 35
70 94
71 99
72 38
73 49
74 88
75 20
76 60
77 79
78 46
79 82
8 71
80 45
81 21
82 15
83 98
84 89
85 51
86 32
87 78
88 44
89 64
9 48
90 81
91 62
92 13
93 34
94 8
95 50
96 16
97 43
98 52
99 63
Failed to find node to remove: catechismal
1 85
10 26
100 84
11 6
12 2
13 97
14 61
15 93
16 66
17 76
18 10
19 14
2 87
20 70
21 3
22 11
23 37
24 58
25 25
26 28
27 74
28 53
29 68
3 73
30 23
31 7
32 33
33 65
34 36
35 17
36 18
37 56
38 24
39 92
4 39
40 77
41 30
42 69
43 5
44 42
45 41
46 83
47 90
48 12
49 1
5 40
50 72
51 86
52 47
53 67
54 95
55 59
56 80
57 22
58 54
59 96
6 27
60 91
61 9
62 31
63 75
64 0
65 19
66 29
67 57
68 4
69 55
7 35
70 94
71 99
72 38
73 49
74 88
75 20
76 60
77 79
78 46
79 82
8 71
80 45
81 21
82 15
83 98
84 89
85 51
86 32
87 78
88 44
89 64
9 48
90 81
91 62
92 13
93 34
94 8
95 50
96 16
97 43
98 52
99 63
Failed to find node to remove: securifera
1 85
10 26
100 84
11 6
12 2
13 97
14 61
15 93
16 66
17 76
18 10
19 14
2 87
20 70
21 3
22 11
23 37
24 58
25 25
26 28
27 74
28 53
29 68
3 73
30 23
31 7
32 33
33 65
34 36
35 17
36 18
37 56
38 24
39 92
4 39
40 77
41 30
42 69
43 5
44 42
45 41
46 83
47 90
48 12
49 1
5 40
50 72
51 86
52 47
53 67
54 95
55 59
56 80
57 22
58 54
59 96
6 27
60 91
61 9
62 31
63 75
64 0
65 19
66 29
67 57
68 4
69 55
7 35
70 94
71 99
72 38
73 49
74 88
75 20
76 60
77 79
78 46
79 82
8 71
80 45
81 21
82 15
83 98
84 89
85 51
86 32
87 78
88 44
89 64
9 48
90 81
91 62
92 13
93 34
94 8
95 50
96 16
97 43
98 52
99 63
Failed to find node to remove: em
1 85
10 26
100 84
11 6
12 2
13 97
14 61
15 93
16 66
17 76
18 10
19 14
2 87
20 70
21 3
22 11
23 37
24 58
25 25
26 28
27 74
28 53
29 68
3 73
30 23
31 7
32 33
33 65
34 36
35 17
36 18
37 56
38 24
39 92
4 39
40 77
41 30
42 69
43 5
44 42
45 41
46 83
47 90
48 12
49 1
5 40
50 72
51 86
52 47
53 67
54 95
55 59
56 80
57 22
58 54
59 96
6 27
60 91
61 9
62 31
63 75
64 0
65 19
66 29
67 57
68 4
69 55
7 35
70 94
71 99
72 38
73 49
74 88
75 20
76 60
77 79
78 46
79 82
8 71
80 45
81 21
82 15
83 98
84 89
85 51
86 32
87 78
88 44
89 64
9 48
90 81
91 62
92 13
93 34
94 8
95 50
96 16
97 43
98 52
99 63
Failed to find node to remove: pneumonolith
1 85
10 26
100 84
11 6
12 2
13 97
14 61
15 93
16 66
17 76
18 10
19 14
2 87
20 70
21 3
22 11
23 37
24 58
25 25
26 28
27 74
28 53
29 68
3 73
30 23
31 7
32 33
33 65
34 36
35 17
36 18
37 56
38 24
39 92
4 39
40 77
41 30
42 69
43 5
44 42
45 41
46 83
47 90
48 12
49 1
5 40
50 72
51 86
52 47
53 67
54 95
55 59
56 80
57 22
58 54
59 96
6 27
60 91
61 9
62 31
63 75
64 0
65 19
66 29
67 57
68 4
69 55
7 35
70 94
71 99
72 38
73 49
74 88
75 20
76 60
77 79
78 46
79 82
8 71
80 45
81 21
82 15
83 98
84 89
85 51
86 32
87 78
88 44
89 64
9 48
90 81
91 62
92 13
93 34
94 8
95 50
96 16
97 43
98 52
99 63
Failed to find node to remove: suspensation
1 85
10 26
100 84
11 6
12 2
13 97
14 61
15 93
16 66
17 76
18 10
19 14
2 87
20 70
21 3
22 11
23 37
24 58
25 25
26 28
27 74
28 53
29 68
3 73
30 23
31 7
32 33
33 65
34 36
35 17
36 18
37 56
38 24
39 92
4 39
40 77
41 30
42 69
43 5
44 42
45 41
46 83
47 90
48 12
49 1
5 40
50 72
51 86
52 47
53 67
54 95
55 59
56 80
57 22
58 54
59 96
6 27
60 91
61 9
62 31
63 75
64 0
65 19
66 29
67 57
68 4
69 55
7 35
70 94
71 99
72 38
73 49
74 88
75 20
76 60
77 79
78 46
79 82
8 71
80 45
81 21
82 15
83 98
84 89
85 51
86 32
87 78
88 44
89 64
9 48
90 81
91 62
92 13
93 34
94 8
95 50
96 16
97 43
98 52
99 63
Failed to find node to remove: surplusage
1 85
10 26
100 84
11 6
12 2
13 97
14 61
15 93
16 66
17 76
18 10
19 14
2 87
20 70
21 3
22 11
23 37
24 58
25 25
26 28
27 74
28 53
29 68
3 73
30 23
31 7
32 33
33 65
34 36
35 17
36 18
37 56
38 24
39 92
4 39
40 77
41 30
42 69
43 5
44 42
45 41
46 83
47 90
48 12
49 1
5 40
50 72
51 86
52 47
53 67
54 95
55 59
56 80
57 22
58 54
59 96
6 27
60 91
61 9
62 31
63 75
64 0
65 19
66 29
67 57
68 4
69 55
7 35
70 94
71 99
72 38
73 49
74 88
75 20
76 60
77 79
78 46
79 82
8 71
80 45
81 21
82 15
83 98
84 89
85 51
86 32
87 78
88 44
89 64
9 48
90 81
91 62
92 13
93 34
94 8
95 50
96 16
97 43
98 52
99 63
Failed to find node to remove: nonperiodical
1 85
10 26
100 84
11 6
12 2
13 97
14 61
15 93
16 66
17 76
18 10
19 14
2 87
20 70
21 3
22 11
23 37
24 58
25 25
26 28
27 74
28 53
29 68
3 73
30 23
31 7
32 33
33 65
34 36
35 17
36 18
37 56
38 24
39 92
4 39
40 77
41 30
42 69
43 5
44 42
45 41
46 83
47 90
48 12
49 1
5 40
50 72
51 86
52 47
53 67
54 95
55 59
56 80
57 22
58 54
59 96
6 27
60 91
61 9
62 31
63 75
64 0
65 19
66 29
67 57
68 4
69 55
7 35
70 94
71 99
72 38
73 49
74 88
75 20
76 60
77 79
78 46
79 82
8 71
80 45
81 21
82 15
83 98
84 89
85 51
86 32
87 78
88 44
89 64
9 48
90 81
91 62
92 13
93 34
94 8
95 50
96 16
97 43
98 52
99 63
Failed to find node to remove: each
1 85
10 26
100 84
11 6
12 2
13 97
14 61
15 93
16 66
17 76
18 10
19 14
2 87
20 70
21 3
22 11
23 37
24 58
25 25
26 28
27 74
28 53
29 68
3 73
30 23
31 7
32 33
33 65
34 36
35 17
36 18
37 56
38 24
39 92
4 39
40 77
41 30
42 69
43 5
44 42
45 41
46 83
47 90
48 12
49 1
5 40
50 72
51 86
52 47
53 67
54 95
55 59
56 80
57 22
58 54
59 96
6 27
60 91
61 9
62 31
63 75
64 0
65 19
66 29
67 57
68 4
69 55
7 35
70 94
71 99
72 38
73 49
74 88
75 20
76 60
77 79
78 46
79 82
8 71
80 45
81 21
82 15
83 98
84 89
85 51
86 32
87 78
88 44
89 64
9 48
90 81
91 62
92 13
93 34
94 8
95 50
96 16
97 43
98 52
99 63
Failed to find node to remove: guildic
1 85
10 26
100 84
11 6
12 2
13 97
14 61
15 93
16 66
17 76
18 10
19 14
2 87
20 70
21 3
22 11
23 37
24 58
25 25
26 28
27 74
28 53
29 68
3 73
30 23
31 7
32 33
33 65
34 36
35 17
36 18
37 56
38 24
39 92
4 39
40 77
41 30
42 69
43 5
44 42
45 41
46 83
47 90
48 12
49 1
5 40
50 72
51 86
52 47
53 67
54 95
55 59
56 80
57 22
58 54
59 96
6 27
60 91
61 9
62 31
63 75
64 0
65 19
66 29
67 57
68 4
69 55
7 35
70 94
71 99
72 38
73 49
74 88
75 20
76 60
77 79
78 46
79 82
8 71
80 45
81 21
82 15
83 98
84 89
85 51
86 32
87 78
88 44
89 64
9 48
90 81
91 62
92 13
93 34
94 8
95 50
96 16
97 43
98 52
99 63
Failed to find node to remove: untyrannical
1 85
10 26
100 84
11 6
12 2
13 97
14 61
15 93
16 66
17 76
18 10
19 14
2 87
20 70
21 3
22 11
23 37
24 58
25 25
26 28
27 74
28 53
29 68
3 73
30 23
31 7
32 33
33 65
34 36
35 17
36 18
37 56
38 24
39 92
4 39
40 77
41 30
42 69
43 5
44 42
45 41
46 83
47 90
48 12
49 1
5 40
50 72
51 86
52 47
53 67
54 95
55 59
56 80
57 22
58 54
59 96
6 27
60 91
61 9
62 31
63 75
64 0
65 19
66 29
67 57
68 4
69 55
7 35
70 94
71 99
72 38
73 49
74 88
75 20
76 60
77 79
78 46
79 82
8 71
80 45
81 21
82 15
83 98
84 89
85 51
86 32
87 78
88 44
89 64
9 48
90 81
91 62
92 13
93 34
94 8
95 50
96 16
97 43
98 52
99 63
Failed to find node to remove: nontestamentary
1 85
10 26
100 84
11 6
12 2
13 97
14 61
15 93
16 66
17 76
18 10
19 14
2 87
20 70
21 3
22 11
23 37
24 58
25 25
26 28
27 74
28 53
29 68
3 73
30 23
31 7
32 33
33 65
34 36
35 17
36 18
37 56
38 24
39 92
4 39
40 77
41 30
42 69
43 5
44 42
45 41
46 83
47 90
48 12
49 1
5 40
50 72
51 86
52 47
53 67
54 95
55 59
56 80
57 22
58 54
59 96
6 27
60 91
61 9
62 31
63 75
64 0
65 19
66 29
67 57
68 4
69 55
7 35
70 94
71 99
72 38
73 49
74 88
75 20
76 60
77 79
78 46
79 82
8 71
80 45
81 21
82 15
83 98
84 89
85 51
86 32
87 78
88 44
89 64
9 48
90 81
91 62
92 13
93 34
94 8
95 50
96 16
97 43
98 52
99 63
Failed to find node to remove: dewclawed
1 85
10 26
100 84
11 6
12 2
13 97
14 61
15 93
16 66
17 76
18 10
19 14
2 87
20 70
21 3
22 11
23 37
24 58
25 25
26 28
27 74
28 53
29 68
3 73
30 23
31 7
32 33
33 65
34 36
35 17
36 18
37 56
38 24
39 92
4 39
40 77
41 30
42 69
43 5
44 42
45 41
46 83
47 90
48 12
49 1
5 40
50 72
51 86
52 47
53 67
54 95
55 59
56 80
57 22
58 54
59 96
6 27
60 91
61 9
62 31
63 75
64 0
65 19
66 29
67 57
68 4
69 55
7 35
70 94
71 99
72 38
73 49
74 88
75 20
76 60
77 79
78 46
79 82
8 71
80 45
81 21
82 15
83 98
84 89
85 51
86 32
87 78
88 44
89 64
9 48
90 81
91 62
92 13
93 34
94 8
95 50
96 16
97 43
98 52
99 63
Failed to find node to remove: taloned
1 85
10 26
100 84
11 6
12 2
13 97
14 61
15 93
16 66
17 76
18 10
19 14
2 87
20 70
21 3
22 11
23 37
24 58
25 25
26 28
27 74
28 53
29 68
3 73
30 23
31 7
32 33
33 65
34 36
35 17
36 18
37 56
38 24
39 92
4 39
40 77
41 30
42 69
43 5
44 42
45 41
46 83
47 90
48 12
49 1
5 40
50 72
51 86
52 47
53 67
54 95
55 59
56 80
57 22
58 54
59 96
6 27
60 91
61 9
62 31
63 75
64 0
65 19
66 29
67 57
68 4
69 55
7 35
70 94
71 99
72 38
73 49
74 88
75 20
76 60
77 79
78 46
79 82
8 71
80 45
81 21
82 15
83 98
84 89
85 51
86 32
87 78
88 44
89 64
9 48
90 81
91 62
92 13
93 34
94 8
95 50
96 16
97 43
98 52
99 63
Failed to find node to remove: pyrocatechuic
1 85
10 26
100 84
11 6
12 2
13 97
14 61
15 93
16 66
17 76
18 10
19 14
2 87
20 70
21 3
22 11
23 37
24 58
25 25
26 28
27 74
28 53
29 68
3 73
30 23
31 7
32 33
33 65
34 36
35 17
36 18
37 56
38 24
39 92
4 39
40 77
41 30
42 69
43 5
44 42
45 41
46 83
47 90
48 12
49 1
5 40
50 72
51 86
52 47
53 67
54 95
55 59
56 80
57 22
58 54
59 96
6 27
60 91
61 9
62 31
63 75
64 0
65 19
66 29
67 57
68 4
69 55
7 35
70 94
71 99
72 38
73 49
74 88
75 20
76 60
77 79
78 46
79 82
8 71
80 45
81 21
82 15
83 98
84 89
85 51
86 32
87 78
88 44
89 64
9 48
90 81
91 62
92 13
93 34
94 8
95 50
96 16
97 43
98 52
99 63
Failed to find node to remove: specificative
1 85
10 26
100 84
11 6
12 2
13 97
14 61
15 93
16 66
17 76
18 10
19 14
2 87
20 70
21 3
22 11
23 37
24 58
25 25
26 28
27 74
28 53
29 68
3 73
30 23
31 7
32 33
33 65
34 36
35 17
36 18
37 56
38 24
39 92
4 39
40 77
41 30
42 69
43 5
44 42
45 41
46 83
47 90
48 12
49 1
5 40
50 72
51 86
52 47
53 67
54 95
55 59
56 80
57 22
58 54
59 96
6 27
60 91
61 9
62 31
63 75
64 0
65 19
66 29
67 57
68 4
69 55
7 35
70 94
71 99
72 38
73 49
74 88
75 20
76 60
77 79
78 46
79 82
8 71
80 45
81 21
82 15
83 98
84 89
85 51
86 32
87 78
88 44
89 64
9 48
90 81
91 62
92 13
93 34
94 8
95 50
96 16
97 43
98 52
99 63
Failed to find node to remove: iodate
1 85
10 26
100 84
11 6
12 2
13 97
14 61
15 93
16 66
17 76
18 10
19 14
2 87
20 70
21 3
22 11
23 37
24 58
25 25
26 28
27 74
28 53
29 68
3 73
30 23
31 7
32 33
33 65
34 36
35 17
36 18
37 56
38 24
39 92
4 39
40 77
41 30
42 69
43 5
44 42
45 41
46 83
47 90
48 12
49 1
5 40
50 72
51 86
52 47
53 67
54 95
55 59
56 80
57 22
58 54
59 96
6 27
60 91
61 9
62 31
63 75
64 0
65 19
66 29
67 57
68 4
69 55
7 35
70 94
71 99
72 38
73 49
74 88
75 20
76 60
77 79
78 46
79 82
8 71
80 45
81 21
82 15
83 98
84 89
85 51
86 32
87 78
88 44
89 64
9 48
90 81
91 62
92 13
93 34
94 8
95 50
96 16
97 43
98 52
99 63
Failed to find node to remove: clarin
1 85
10 26
100 84
11 6
12 2
13 97
14 61
15 93
16 66
17 76
18 10
19 14
2 87
20 70
21 3
22 11
23 37
24 58
25 25
26 28
27 74
28 53
29 68
3 73
30 23
31 7
32 33
33 65
34 36
35 17
36 18
37 56
38 24
39 92
4 39
40 77
41 30
42 69
43 5
44 42
45 41
46 83
47 90
48 12
49 1
5 40
50 72
51 86
52 47
53 67
54 95
55 59
56 80
57 22
58 54
59 96
6 27
60 91
61 9
62 31
63 75
64 0
65 19
66 29
67 57
68 4
69 55
7 35
70 94
71 99
72 38
73 49
74 88
75 20
76 60
77 79
78 46
79 82
8 71
80 45
81 21
82 15
83 98
84 89
85 51
86 32
87 78
88 44
89 64
9 48
90 81
91 62
92 13
93 34
94 8
95 50
96 16
97 43
98 52
99 63
Failed to find node to remove: vagueness
1 85
10 26
100 84
11 6
12 2
13 97
14 61
15 93
16 66
17 76
18 10
19 14
2 87
20 70
21 3
22 11
23 37
24 58
25 25
26 28
27 74
28 53
29 68
3 73
30 23
31 7
32 33
33 65
34 36
35 17
36 18
37 56
38 24
39 92
4 39
40 77
41 30
42 69
43 5
44 42
45 41
46 83
47 90
48 12
49 1
5 40
50 72
51 86
52 47
53 67
54 95
55 59
56 80
57 22
58 54
59 96
6 27
60 91
61 9
62 31
63 75
64 0
65 19
66 29
67 57
68 4
69 55
7 35
70 94
71 99
72 38
73 49
74 88
75 20
76 60
77 79
78 46
79 82
8 71
80 45
81 21
82 15
83 98
84 89
85 51
86 32
87 78
88 44
89 64
9 48
90 81
91 62
92 13
93 34
94 8
95 50
96 16
97 43
98 52
99 63
Failed to find node to remove: subplantigrade
1 85
10 26
100 84
11 6
12 2
13 97
14 61
15 93
16 66
17 76
18 10
19 14
2 87
20 70
21 3
22 11
23 37
24 58
25 25
26 28
27 74
28 53
29 68
3 73
30 23
31 7
32 33
33 65
34 36
35 17
36 18
37 56
38 24
39 92
4 39
40 77
41 30
42 69
43 5
44 42
45 41
46 83
47 90
48 12
49 1
5 40
50 72
51 86
52 47
53 67
54 95
55 59
56 80
57 22
58 54
59 96
6 27
60 91
61 9
62 31
63 75
64 0
65 19
66 29
67 57
68 4
69 55
7 35
70 94
71 99
72 38
73 49
74 88
75 20
76 60
77 79
78 46
79 82
8 71
80 45
81 21
82 15
83 98
84 89
85 51
86 32
87 78
88 44
89 64
9 48
90 81
91 62
92 13
93 34
94 8
95 50
96 16
97 43
98 52
99 63
Failed to find node to remove: monochromatism
1 85
10 26
100 84
11 6
12 2
13 97
14 61
15 93
16 66
17 76
18 10
19 14
2 87
20 70
21 3
22 11
23 37
24 58
25 25
26 28
27 74
28 53
29 68
3 73
30 23
31 7
32 33
33 65
34 36
35 17
36 18
37 56
38 24
39 92
4 39
40 77
41 30
42 69
43 5
44 42
45 41
46 83
47 90
48 12
49 1
5 40
50 72
51 86
52 47
53 67
54 95
55 59
56 80
57 22
58 54
59 96
6 27
60 91
61 9
62 31
63 75
64 0
65 19
66 29
67 57
68 4
69 55
7 35
70 94
71 99
72 38
73 49
74 88
75 20
76 60
77 79
78 46
79 82
8 71
80 45
81 21
82 15
83 98
84 89
85 51
86 32
87 78
88 44
89 64
9 48
90 81
91 62
92 13
93 34
94 8
95 50
96 16
97 43
98 52
99 63
Failed to find node to remove: hypodermal
1 85
10 26
100 84
11 6
12 2
13 97
14 61
15 93
16 66
17 76
18 10
19 14
2 87
20 70
21 3
22 11
23 37
24 58
25 25
26 28
27 74
28 53
29 68
3 73
30 23
31 7
32 33
33 65
34 36
35 17
36 18
37 56
38 24
39 92
4 39
40 77
41 30
42 69
43 5
44 42
45 41
46 83
47 90
48 12
49 1
5 40
50 72
51 86
52 47
53 67
54 95
55 59
56 80
57 22
58 54
59 96
6 27
60 91
61 9
62 31
63 75
64 0
65 19
66 29
67 57
68 4
69 55
7 35
70 94
71 99
72 38
73 49
74 88
75 20
76 60
77 79
78 46
79 82
8 71
80 45
81 21
82 15
83 98
84 89
85 51
86 32
87 78
88 44
89 64
9 48
90 81
91 62
92 13
93 34
94 8
95 50
96 16
97 43
98 52
99 63
Failed to find node to remove: autoinfection
1 85
10 26
100 84
11 6
12 2
13 97
14 61
15 93
16 66
17 76
18 10
19 14
2 87
20 70
21 3
22 11
23 37
24 58
25 25
26 28
27 74
28 53
29 68
3 73
30 23
31 7
32 33
33 65
34 36
35 17
36 18
37 56
38 24
39 92
4 39
40 77
41 30
42 69
43 5
44 42
45 41
46 83
47 90
48 12
49 1
5 40
50 72
51 86
52 47
53 67
54 95
55 59
56 80
57 22
58 54
59 96
6 27
60 91
61 9
62 31
63 75
64 0
65 19
66 29
67 57
68 4
69 55
7 35
70 94
71 99
72 38
73 49
74 88
75 20
76 60
77 79
78 46
79 82
8 71
80 45
81 21
82 15
83 98
84 89
85 51
86 32
87 78
88 44
89 64
9 48
90 81
91 62
92 13
93 34
94 8
95 50
96 16
97 43
98 52
99 63
Failed to find node to remove: moneybag
1 85
10 26
100 84
11 6
12 2
13 97
14 61
15 93
16 66
17 76
18 10
19 14
2 87
20 70
21 3
22 11
23 37
24 58
25 25
26 28
27 74
28 53
29 68
3 73
30 23
31 7
32 33
33 65
34 36
35 17
36 18
37 56
38 24
39 92
4 39
40 77
41 30
42 69
43 5
44 42
45 41
46 83
47 90
48 12
49 1
5 40
50 72
51 86
52 47
53 67
54 95
55 59
56 80
57 22
58 54
59 96
6 27
60 91
61 9
62 31
63 75
64 0
65 19
66 29
67 57
68 4
69 55
7 35
70 94
71 99
72 38
73 49
74 88
75 20
76 60
77 79
78 46
79 82
8 71
80 45
81 21
82 15
83 98
84 89
85 51
86 32
87 78
88 44
89 64
9 48
90 81
91 62
92 13
93 34
94 8
95 50
96 16
97 43
98 52
99 63
Failed to find node to remove: pneumohydrothorax
1 85
10 26
100 84
11 6
12 2
13 97
14 61
15 93
16 66
17 76
18 10
19 14
2 87
20 70
21 3
22 11
23 37
24 58
25 25
26 28
27 74
28 53
29 68
3 73
30 23
31 7
32 33
33 65
34 36
35 17
36 18
37 56
38 24
39 92
4 39
40 77
41 30
42 69
43 5
44 42
45 41
46 83
47 90
48 12
49 1
5 40
50 72
51 86
52 47
53 67
54 95
55 59
56 80
57 22
58 54
59 96
6 27
60 91
61 9
62 31
63 75
64 0
65 19
66 29
67 57
68 4
69 55
7 35
70 94
71 99
72 38
73 49
74 88
75 20
76 60
77 79
78 46
79 82
8 71
80 45
81 21
82 15
83 98
84 89
85 51
86 32
87 78
88 44
89 64
9 48
90 81
91 62
92 13
93 34
94 8
95 50
96 16
97 43
98 52
99 63
Failed to find node to remove: unexemplifiable
1 85
10 26
100 84
11 6
12 2
13 97
14 61
15 93
16 66
17 76
18 10
19 14
2 87
20 70
21 3
22 11
23 37
24 58
25 25
26 28
27 74
28 53
29 68
3 73
30 23
31 7
32 33
33 65
34 36
35 17
36 18
37 56
38 24
39 92
4 39
40 77
41 30
42 69
43 5
44 42
45 41
46 83
47 90
48 12
49 1
5 40
50 72
51 86
52 47
53 67
54 95
55 59
56 80
57 22
58 54
59 96
6 27
60 91
61 9
62 31
63 75
64 0
65 19
66 29
67 57
68 4
69 55
7 35
70 94
71 99
72 38
73 49
74 88
75 20
76 60
77 79
78 46
79 82
8 71
80 45
81 21
82 15
83 98
84 89
85 51
86 32
87 78
88 44
89 64
9 48
90 81
91 62
92 13
93 34
94 8
95 50
96 16
97 43
98 52
99 63
Failed to find node to remove: mouillation
1 85
10 26
100 84
11 6
12 2
13 97
14 61
15 93
16 66
17 76
18 10
19 14
2 87
20 70
21 3
22 11
23 37
24 58
25 25
26 28
27 74
28 53
29 68
3 73
30 23
31 7
32 33
33 65
34 36
35 17
36 18
37 56
38 24
39 92
4 39
40 77
41 30
42 69
43 5
44 42
45 41
46 83
47 90
48 12
49 1
5 40
50 72
51 86
52 47
53 67
54 95
55 59
56 80
57 22
58 54
59 96
6 27
60 91
61 9
62 31
63 75
64 0
65 19
66 29
67 57
68 4
69 55
7 35
70 94
71 99
72 38
73 49
74 88
75 20
76 60
77 79
78 46
79 82
8 71
80 45
81 21
82 15
83 98
84 89
85 51
86 32
87 78
88 44
89 64
9 48
90 81
91 62
92 13
93 34
94 8
95 50
96 16
97 43
98 52
99 63
Failed to find node to remove: applotment
1 85
10 26
100 84
11 6
12 2
13 97
14 61
15 93
16 66
17 76
18 10
19 14
2 87
20 70
21 3
22 11
23 37
24 58
25 25
26 28
27 74
28 53
29 68
3 73
30 23
31 7
32 33
33 65
34 36
35 17
36 18
37 56
38 24
39 92
4 39
40 77
41 30
42 69
43 5
44 42
45 41
46 83
47 90
48 12
49 1
5 40
50 72
51 86
52 47
53 67
54 95
55 59
56 80
57 22
58 54
59 96
6 27
60 91
61 9
62 31
63 75
64 0
65 19
66 29
67 57
68 4
69 55
7 35
70 94
71 99
72 38
73 49
74 88
75 20
76 60
77 79
78 46
79 82
8 71
80 45
81 21
82 15
83 98
84 89
85 51
86 32
87 78
88 44
89 64
9 48
90 81
91 62
92 13
93 34
94 8
95 50
96 16
97 43
98 52
99 63
Failed to find node to remove: gulp
1 85
10 26
100 84
11 6
12 2
13 97
14 61
15 93
16 66
17 76
18 10
19 14
2 87
20 70
21 3
22 11
23 37
24 58
25 25
26 28
27 74
28 53
29 68
3 73
30 23
31 7
32 33
33 65
34 36
35 17
36 18
37 56
38 24
39 92
4 39
40 77
41 30
42 69
43 5
44 42
45 41
46 83
47 90
48 12
49 1
5 40
50 72
51 86
52 47
53 67
54 95
55 59
56 80
57 22
58 54
59 96
6 27
60 91
61 9
62 31
63 75
64 0
65 19
66 29
67 57
68 4
69 55
7 35
70 94
71 99
72 38
73 49
74 88
75 20
76 60
77 79
78 46
79 82
8 71
80 45
81 21
82 15
83 98
84 89
85 51
86 32
87 78
88 44
89 64
9 48
90 81
91 62
92 13
93 34
94 8
95 50
96 16
97 43
98 52
99 63
Failed to find node to remove: blindfolded
1 85
10 26
100 84
11 6
12 2
13 97
14 61
15 93
16 66
17 76
18 10
19 14
2 87
20 70
21 3
22 11
23 37
24 58
25 25
26 28
27 74
28 53
29 68
3 73
30 23
31 7
32 33
33 65
34 36
35 17
36 18
37 56
38 24
39 92
4 39
40 77
41 30
42 69
43 5
44 42
45 41
46 83
47 90
48 12
49 1
5 40
50 72
51 86
52 47
53 67
54 95
55 59
56 80
57 22
58 54
59 96
6 27
60 91
61 9
62 31
63 75
64 0
65 19
66 29
67 57
68 4
69 55
7 35
70 94
71 99
72 38
73 49
74 88
75 20
76 60
77 79
78 46
79 82
8 71
80 45
81 21
82 15
83 98
84 89
85 51
86 32
87 78
88 44
89 64
9 48
90 81
91 62
92 13
93 34
94 8
95 50
96 16
97 43
98 52
99 63
Failed to find node to remove: sadism
1 85
10 26
100 84
11 6
12 2
13 97
14 61
15 93
16 66
17 76
18 10
19 14
2 87
20 70
21 3
22 11
23 37
24 58
25 25
26 28
27 74
28 53
29 68
3 73
30 23
31 7
32 33
33 65
34 36
35 17
36 18
37 56
38 24
39 92
4 39
40 77
41 30
42 69
43 5
44 42
45 41
46 83
47 90
48 12
49 1
5 40
50 72
51 86
52 47
53 67
54 95
55 59
56 80
57 22
58 54
59 96
6 27
60 91
61 9
62 31
63 75
64 0
65 19
66 29
67 57
68 4
69 55
7 35
70 94
71 99
72 38
73 49
74 88
75 20
76 60
77 79
78 46
79 82
8 71
80 45
81 21
82 15
83 98
84 89
85 51
86 32
87 78
88 44
89 64
9 48
90 81
91 62
92 13
93 34
94 8
95 50
96 16
97 43
98 52
99 63
Failed to find node to remove: ophism
1 85
10 26
100 84
11 6
12 2
13 97
14 61
15 93
16 66
17 76
18 10
19 14
2 87
20 70
21 3
22 11
23 37
24 58
25 25
26 28
27 74
28 53
29 68
3 73
30 23
31 7
32 33
33 65
34 36
35 17
36 18
37 56
38 24
39 92
4 39
40 77
41 30
42 69
43 5
44 42
45 41
46 83
47 90
48 12
49 1
5 40
50 72
51 86
52 47
53 67
54 95
55 59
56 80
57 22
58 54
59 96
6 27
60 91
61 9
62 31
63 75
64 0
65 19
66 29
67 57
68 4
69 55
7 35
70 94
71 99
72 38
73 49
74 88
75 20
76 60
77 79
78 46
79 82
8 71
80 45
81 21
82 15
83 98
84 89
85 51
86 32
87 78
88 44
89 64
9 48
90 81
91 62
92 13
93 34
94 8
95 50
96 16
97 43
98 52
99 63
Failed to find node to remove: scissorwise
1 85
10 26
100 84
11 6
12 2
13 97
14 61
15 93
16 66
17 76
18 10
19 14
2 87
20 70
21 3
22 11
23 37
24 58
25 25
26 28
27 74
28 53
29 68
3 73
30 23
31 7
32 33
33 65
34 36
35 17
36 18
37 56
38 24
39 92
4 39
40 77
41 30
42 69
43 5
44 42
45 41
46 83
47 90
48 12
49 1
5 40
50 72
51 86
52 47
53 67
54 95
55 59
56 80
57 22
58 54
59 96
6 27
60 91
61 9
62 31
63 75
64 0
65 19
66 29
67 57
68 4
69 55
7 35
70 94
71 99
72 38
73 49
74 88
75 20
76 60
77 79
78 46
79 82
8 71
80 45
81 21
82 15
83 98
84 89
85 51
86 32
87 78
88 44
89 64
9 48
90 81
91 62
92 13
93 34
94 8
95 50
96 16
97 43
98 52
99 63
Failed to find node to remove: unskaithd
1 85
10 26
100 84
11 6
12 2
13 97
14 61
15 93
16 66
17 76
18 10
19 14
2 87
20 70
21 3
22 11
23 37
24 58
25 25
26 28
27 74
28 53
29 68
3 73
30 23
31 7
32 33
33 65
34 36
35 17
36 18
37 56
38 24
39 92
4 39
40 77
41 30
42 69
43 5
44 42
45 41
46 83
47 90
48 12
49 1
5 40
50 72
51 86
52 47
53 67
54 95
55 59
56 80
57 22
58 54
59 96
6 27
60 91
61 9
62 31
63 75
64 0
65 19
66 29
67 57
68 4
69 55
7 35
70 94
71 99
72 38
73 49
74 88
75 20
76 60
77 79
78 46
79 82
8 71
80 45
81 21
82 15
83 98
84 89
85 51
86 32
87 78
88 44
89 64
9 48
90 81
91 62
92 13
93 34
94 8
95 50
96 16
97 43
98 52
99 63
Failed to find node to remove: unreproving
1 85
10 26
100 84
11 6
12 2
13 97
14 61
15 93
16 66
17 76
18 10
19 14
2 87
20 70
21 3
22 11
23 37
24 58
25 25
26 28
27 74
28 53
29 68
3 73
30 23
31 7
32 33
33 65
34 36
35 17
36 18
37 56
38 24
39 92
4 39
40 77
41 30
42 69
43 5
44 42
45 41
46 83
47 90
48 12
49 1
5 40
50 72
51 86
52 47
53 67
54 95
55 59
56 80
57 22
58 54
59 96
6 27
60 91
61 9
62 31
63 75
64 0
65 19
66 29
67 57
68 4
69 55
7 35
70 94
71 99
72 38
73 49
74 88
75 20
76 60
77 79
78 46
79 82
8 71
80 45
81 21
82 15
83 98
84 89
85 51
86 32
87 78
88 44
89 64
9 48
90 81
91 62
92 13
93 34
94 8
95 50
96 16
97 43
98 52
99 63
Failed to find node to remove: analkalinity
1 85
10 26
100 84
11 6
12 2
13 97
14 61
15 93
16 66
17 76
18 10
19 14
2 87
20 70
21 3
22 11
23 37
24 58
25 25
26 28
27 74
28 53
29 68
3 73
30 23
31 7
32 33
33 65
34 36
35 17
36 18
37 56
38 24
39 92
4 39
40 77
41 30
42 69
43 5
44 42
45 41
46 83
47 90
48 12
49 1
5 40
50 72
51 86
52 47
53 67
54 95
55 59
56 80
57 22
58 54
59 96
6 27
60 91
61 9
62 31
63 75
64 0
65 19
66 29
67 57
68 4
69 55
7 35
70 94
71 99
72 38
73 49
74 88
75 20
76 60
77 79
78 46
79 82
8 71
80 45
81 21
82 15
83 98
84 89
85 51
86 32
87 78
88 44
89 64
9 48
90 81
91 62
92 13
93 34
94 8
95 50
96 16
97 43
98 52
99 63
Failed to find node to remove: demicoronal
1 85
10 26
100 84
11 6
12 2
13 97
14 61
15 93
16 66
17 76
18 10
19 14
2 87
20 70
21 3
22 11
23 37
24 58
25 25
26 28
27 74
28 53
29 68
3 73
30 23
31 7
32 33
33 65
34 36
35 17
36 18
37 56
38 24
39 92
4 39
40 77
41 30
42 69
43 5
44 42
45 41
46 83
47 90
48 12
49 1
5 40
50 72
51 86
52 47
53 67
54 95
55 59
56 80
57 22
58 54
59 96
6 27
60 91
61 9
62 31
63 75
64 0
65 19
66 29
67 57
68 4
69 55
7 35
70 94
71 99
72 38
73 49
74 88
75 20
76 60
77 79
78 46
79 82
8 71
80 45
81 21
82 15
83 98
84 89
85 51
86 32
87 78
88 44
89 64
9 48
90 81
91 62
92 13
93 34
94 8
95 50
96 16
97 43
98 52
99 63
Failed to find node to remove: hypotarsal
1 85
10 26
100 84
11 6
12 2
13 97
14 61
15 93
16 66
17 76
18 10
19 14
2 87
20 70
21 3
22 11
23 37
24 58
25 25
26 28
27 74
28 53
29 68
3 73
30 23
31 7
32 33
33 65
34 36
35 17
36 18
37 56
38 24
39 92
4 39
40 77
41 30
42 69
43 5
44 42
45 41
46 83
47 90
48 12
49 1
5 40
50 72
51 86
52 47
53 67
54 95
55 59
56 80
57 22
58 54
59 96
6 27
60 91
61 9
62 31
63 75
64 0
65 19
66 29
67 57
68 4
69 55
7 35
70 94
71 99
72 38
73 49
74 88
75 20
76 60
77 79
78 46
79 82
8 71
80 45
81 21
82 15
83 98
84 89
85 51
86 32
87 78
88 44
89 64
9 48
90 81
91 62
92 13
93 34
94 8
95 50
96 16
97 43
98 52
99 63
Failed to find node to remove: inattentive
1 85
10 26
100 84
11 6
12 2
13 97
14 61
15 93
16 66
17 76
18 10
19 14
2 87
20 70
21 3
22 11
23 37
24 58
25 25
26 28
27 74
28 53
29 68
3 73
30 23
31 7
32 33
33 65
34 36
35 17
36 18
37 56
38 24
39 92
4 39
40 77
41 30
42 69
43 5
44 42
45 41
46 83
47 90
48 12
49 1
5 40
50 72
51 86
52 47
53 67
54 95
55 59
56 80
57 22
58 54
59 96
6 27
60 91
61 9
62 31
63 75
64 0
65 19
66 29
67 57
68 4
69 55
7 35
70 94
71 99
72 38
73 49
74 88
75 20
76 60
77 79
78 46
79 82
8 71
80 45
81 21
82 15
83 98
84 89
85 51
86 32
87 78
88 44
89 64
9 48
90 81
91 62
92 13
93 34
94 8
95 50
96 16
97 43
98 52
99 63
Failed to find node to remove: filefish
1 85
10 26
100 84
11 6
12 2
13 97
14 61
15 93
16 66
17 76
18 10
19 14
2 87
20 70
21 3
22 11
23 37
24 58
25 25
26 28
27 74
28 53
29 68
3 73
30 23
31 7
32 33
33 65
34 36
35 17
36 18
37 56
38 24
39 92
4 39
40 77
41 30
42 69
43 5
44 42
45 41
46 83
47 90
48 12
49 1
5 40
50 72
51 86
52 47
53 67
54 95
55 59
56 80
57 22
58 54
59 96
6 27
60 91
61 9
62 31
63 75
64 0
65 19
66 29
67 57
68 4
69 55
7 35
70 94
71 99
72 38
73 49
74 88
75 20
76 60
77 79
78 46
79 82
8 71
80 45
81 21
82 15
83 98
84 89
85 51
86 32
87 78
88 44
89 64
9 48
90 81
91 62
92 13
93 34
94 8
95 50
96 16
97 43
98 52
99 63
Failed to find node to remove: encraty
1 85
10 26
100 84
11 6
12 2
13 97
14 61
15 93
16 66
17 76
18 10
19 14
2 87
20 70
21 3
22 11
23 37
24 58
25 25
26 28
27 74
28 53
29 68
3 73
30 23
31 7
32 33
33 65
34 36
35 17
36 18
37 56
38 24
39 92
4 39
40 77
41 30
42 69
43 5
44 42
45 41
46 83
47 90
48 12
49 1
5 40
50 72
51 86
52 47
53 67
54 95
55 59
56 80
57 22
58 54
59 96
6 27
60 91
61 9
62 31
63 75
64 0
65 19
66 29
67 57
68 4
69 55
7 35
70 94
71 99
72 38
73 49
74 88
75 20
76 60
77 79
78 46
79 82
8 71
80 45
81 21
82 15
83 98
84 89
85 51
86 32
87 78
88 44
89 64
9 48
90 81
91 62
92 13
93 34
94 8
95 50
96 16
97 43
98 52
99 63
Failed to find node to remove: visitational
1 85
10 26
100 84
11 6
12 2
13 97
14 61
15 93
16 66
17 76
18 10
19 14
2 87
20 70
21 3
22 11
23 37
24 58
25 25
26 28
27 74
28 53
29 68
3 73
30 23
31 7
32 33
33 65
34 36
35 17
36 18
37 56
38 24
39 92
4 39
40 77
41 30
42 69
43 5
44 42
45 41
46 83
47 90
48 12
49 1
5 40
50 72
51 86
52 47
53 67
54 95
55 59
56 80
57 22
58 54
59 96
6 27
60 91
61 9
62 31
63 75
64 0
65 19
66 29
67 57
68 4
69 55
7 35
70 94
71 99
72 38
73 49
74 88
75 20
76 60
77 79
78 46
79 82
8 71
80 45
81 21
82 15
83 98
84 89
85 51
86 32
87 78
88 44
89 64
9 48
90 81
91 62
92 13
93 34
94 8
95 50
96 16
97 43
98 52
99 63
Failed to find node to remove: unregard
1 85
10 26
100 84
11 6
12 2
13 97
14 61
15 93
16 66
17 76
18 10
19 14
2 87
20 70
21 3
22 11
23 37
24 58
25 25
26 28
27 74
28 53
29 68
3 73
30 23
31 7
32 33
33 65
34 36
35 17
36 18
37 56
38 24
39 92
4 39
40 77
41 30
42 69
43 5
44 42
45 41
46 83
47 90
48 12
49 1
5 40
50 72
51 86
52 47
53 67
54 95
55 59
56 80
57 22
58 54
59 96
6 27
60 91
61 9
62 31
63 75
64 0
65 19
66 29
67 57
68 4
69 55
7 35
70 94
71 99
72 38
73 49
74 88
75 20
76 60
77 79
78 46
79 82
8 71
80 45
81 21
82 15
83 98
84 89
85 51
86 32
87 78
88 44
89 64
9 48
90 81
91 62
92 13
93 34
94 8
95 50
96 16
97 43
98 52
99 63
Failed to find node to remove: unpreservable
1 85
10 26
100 84
11 6
12 2
13 97
14 61
15 93
16 66
17 76
18 10
19 14
2 87
20 70
21 3
22 11
23 37
24 58
25 25
26 28
27 74
28 53
29 68
3 73
30 23
31 7
32 33
33 65
34 36
35 17
36 18
37 56
38 24
39 92
4 39
40 77
41 30
42 69
43 5
44 42
45 41
46 83
47 90
48 12
49 1
5 40
50 72
51 86
52 47
53 67
54 95
55 59
56 80
57 22
58 54
59 96
6 27
60 91
61 9
62 31
63 75
64 0
65 19
66 29
67 57
68 4
69 55
7 35
70 94
71 99
72 38
73 49
74 88
75 20
76 60
77 79
78 46
79 82
8 71
80 45
81 21
82 15
83 98
84 89
85 51
86 32
87 78
88 44
89 64
9 48
90 81
91 62
92 13
93 34
94 8
95 50
96 16
97 43
98 52
99 63
Failed to find node to remove: ungettable
1 85
10 26
100 84
11 6
12 2
13 97
14 61
15 93
16 66
17 76
18 10
19 14
2 87
20 70
21 3
22 11
23 37
24 58
25 25
26 28
27 74
28 53
29 68
3 73
30 23
31 7
32 33
33 65
34 36
35 17
36 18
37 56
38 24
39 92
4 39
40 77
41 30
42 69
43 5
44 42
45 41
46 83
47 90
48 12
49 1
5 40
50 72
51 86
52 47
53 67
54 95
55 59
56 80
57 22
58 54
59 96
6 27
60 91
61 9
62 31
63 75
64 0
65 19
66 29
67 57
68 4
69 55
7 35
70 94
71 99
72 38
73 49
74 88
75 20
76 60
77 79
78 46
79 82
8 71
80 45
81 21
82 15
83 98
84 89
85 51
86 32
87 78
88 44
89 64
9 48
90 81
91 62
92 13
93 34
94 8
95 50
96 16
97 43
98 52
99 63
Failed to find node to remove: besomer
1 85
10 26
100 84
11 6
12 2
13 97
14 61
15 93
16 66
17 76
18 10
19 14
2 87
20 70
21 3
22 11
23 37
24 58
25 25
26 28
27 74
28 53
29 68
3 73
30 23
31 7
32 33
33 65
34 36
35 17
36 18
37 56
38 24
39 92
4 39
40 77
41 30
42 69
43 5
44 42
45 41
46 83
47 90
48 12
49 1
5 40
50 72
51 86
52 47
53 67
54 95
55 59
56 80
57 22
58 54
59 96
6 27
60 91
61 9
62 31
63 75
64 0
65 19
66 29
67 57
68 4
69 55
7 35
70 94
71 99
72 38
73 49
74 88
75 20
76 60
77 79
78 46
79 82
8 71
80 45
81 21
82 15
83 98
84 89
85 51
86 32
87 78
88 44
89 64
9 48
90 81
91 62
92 13
93 34
94 8
95 50
96 16
97 43
98 52
99 63
Failed to find node to remove: alchimy
1 85
10 26
100 84
11 6
12 2
13 97
14 61
15 93
16 66
17 76
18 10
19 14
2 87
20 70
21 3
22 11
23 37
24 58
25 25
26 28
27 74
28 53
29 68
3 73
30 23
31 7
32 33
33 65
34 36
35 17
36 18
37 56
38 24
39 92
4 39
40 77
41 30
42 69
43 5
44 42
45 41
46 83
47 90
48 12
49 1
5 40
50 72
51 86
52 47
53 67
54 95
55 59
56 80
57 22
58 54
59 96
6 27
60 91
61 9
62 31
63 75
64 0
65 19
66 29
67 57
68 4
69 55
7 35
70 94
71 99
72 38
73 49
74 88
75 20
76 60
77 79
78 46
79 82
8 71
80 45
81 21
82 15
83 98
84 89
85 51
86 32
87 78
88 44
89 64
9 48
90 81
91 62
92 13
93 34
94 8
95 50
96 16
97 43
98 52
99 63
Failed to find node to remove: akcheh
1 85
10 26
100 84
11 6
12 2
13 97
14 61
15 93
16 66
17 76
18 10
19 14
2 87
20 70
21 3
22 11
23 37
24 58
25 25
26 28
27 74
28 53
29 68
3 73
30 23
31 7
32 33
33 65
34 36
35 17
36 18
37 56
38 24
39 92
4 39
40 77
41 30
42 69
43 5
44 42
45 41
46 83
47 90
48 12
49 1
5 40
50 72
51 86
52 47
53 67
54 95
55 59
56 80
57 22
58 54
59 96
6 27
60 91
61 9
62 31
63 75
64 0
65 19
66 29
67 57
68 4
69 55
7 35
70 94
71 99
72 38
73 49
74 88
75 20
76 60
77 79
78 46
79 82
8 71
80 45
81 21
82 15
83 98
84 89
85 51
86 32
87 78
88 44
89 64
9 48
90 81
91 62
92 13
93 34
94 8
95 50
96 16
97 43
98 52
99 63
Failed to find node to remove: forereading
1 85
10 26
100 84
11 6
12 2
13 97
14 61
15 93
16 66
17 76
18 10
19 14
2 87
20 70
21 3
22 11
23 37
24 58
25 25
26 28
27 74
28 53
29 68
3 73
30 23
31 7
32 33
33 65
34 36
35 17
36 18
37 56
38 24
39 92
4 39
40 77
41 30
42 69
43 5
44 42
45 41
46 83
47 90
48 12
49 1
5 40
50 72
51 86
52 47
53 67
54 95
55 59
56 80
57 22
58 54
59 96
6 27
60 91
61 9
62 31
63 75
64 0
65 19
66 29
67 57
68 4
69 55
7 35
70 94
71 99
72 38
73 49
74 88
75 20
76 60
77 79
78 46
79 82
8 71
80 45
81 21
82 15
83 98
84 89
85 51
86 32
87 78
88 44
89 64
9 48
90 81
91 62
92 13
93 34
94 8
95 50
96 16
97 43
98 52
99 63
Failed to find node to remove: idioelectrical
1 85
10 26
100 84
11 6
12 2
13 97
14 61
15 93
16 66
17 76
18 10
19 14
2 87
20 70
21 3
22 11
23 37
24 58
25 25
26 28
27 74
28 53
29 68
3 73
30 23
31 7
32 33
33 65
34 36
35 17
36 18
37 56
38 24
39 92
4 39
40 77
41 30
42 69
43 5
44 42
45 41
46 83
47 90
48 12
49 1
5 40
50 72
51 86
52 47
53 67
54 95
55 59
56 80
57 22
58 54
59 96
6 27
60 91
61 9
62 31
63 75
64 0
65 19
66 29
67 57
68 4
69 55
7 35
70 94
71 99
72 38
73 49
74 88
75 20
76 60
77 79
78 46
79 82
8 71
80 45
81 21
82 15
83 98
84 89
85 51
86 32
87 78
88 44
89 64
9 48
90 81
91 62
92 13
93 34
94 8
95 50
96 16
97 43
98 52
99 63
Failed to find node to remove: gingernut
1 85
10 26
100 84
11 6
12 2
13 97
14 61
15 93
16 66
17 76
18 10
19 14
2 87
20 70
21 3
22 11
23 37
24 58
25 25
26 28
27 74
28 53
29 68
3 73
30 23
31 7
32 33
33 65
34 36
35 17
36 18
37 56
38 24
39 92
4 39
40 77
41 30
42 69
43 5
44 42
45 41
46 83
47 90
48 12
49 1
5 40
50 72
51 86
52 47
53 67
54 95
55 59
56 80
57 22
58 54
59 96
6 27
60 91
61 9
62 31
63 75
64 0
65 19
66 29
67 57
68 4
69 55
7 35
70 94
71 99
72 38
73 49
74 88
75 20
76 60
77 79
78 46
79 82
8 71
80 45
81 21
82 15
83 98
84 89
85 51
86 32
87 78
88 44
89 64
9 48
90 81
91 62
92 13
93 34
94 8
95 50
96 16
97 43
98 52
99 63
Failed to find node to remove: ultraradical
1 85
10 26
100 84
11 6
12 2
13 97
14 61
15 93
16 66
17 76
18 10
19 14
2 87
20 70
21 3
22 11
23 37
24 58
25 25
26 28
27 74
28 53
29 68
3 73
30 23
31 7
32 33
33 65
34 36
35 17
36 18
37 56
38 24
39 92
4 39
40 77
41 30
42 69
43 5
44 42
45 41
46 83
47 90
48 12
49 1
5 40
50 72
51 86
52 47
53 67
54 95
55 59
56 80
57 22
58 54
59 96
6 27
60 91
61 9
62 31
63 75
64 0
65 19
66 29
67 57
68 4
69 55
7 35
70 94
71 99
72 38
73 49
74 88
75 20
76 60
77 79
78 46
79 82
8 71
80 45
81 21
82 15
83 98
84 89
85 51
86 32
87 78
88 44
89 64
9 48
90 81
91 62
92 13
93 34
94 8
95 50
96 16
97 43
98 52
99 63
Failed to find node to remove: woodendite
1 85
10 26
100 84
11 6
12 2
13 97
14 61
15 93
16 66
17 76
18 10
19 14
2 87
20 70
21 3
22 11
23 37
24 58
25 25
26 28
27 74
28 53
29 68
3 73
30 23
31 7
32 33
33 65
34 36
35 17
36 18
37 56
38 24
39 92
4 39
40 77
41 30
42 69
43 5
44 42
45 41
46 83
47 90
48 12
49 1
5 40
50 72
51 86
52 47
53 67
54 95
55 59
56 80
57 22
58 54
59 96
6 27
60 91
61 9
62 31
63 75
64 0
65 19
66 29
67 57
68 4
69 55
7 35
70 94
71 99
72 38
73 49
74 88
75 20
76 60
77 79
78 46
79 82
8 71
80 45
81 21
82 15
83 98
84 89
85 51
86 32
87 78
88 44
89 64
9 48
90 81
91 62
92 13
93 34
94 8
95 50
96 16
97 43
98 52
99 63
Failed to find node to remove: acrotarsium
1 85
10 26
100 84
11 6
12 2
13 97
14 61
15 93
16 66
17 76
18 10
19 14
2 87
20 70
21 3
22 11
23 37
24 58
25 25
26 28
27 74
28 53
29 68
3 73
30 23
31 7
32 33
33 65
34 36
35 17
36 18
37 56
38 24
39 92
4 39
40 77
41 30
42 69
43 5
44 42
45 41
46 83
47 90
48 12
49 1
5 40
50 72
51 86
52 47
53 67
54 95
55 59
56 80
57 22
58 54
59 96
6 27
60 91
61 9
62 31
63 75
64 0
65 19
66 29
67 57
68 4
69 55
7 35
70 94
71 99
72 38
73 49
74 88
75 20
76 60
77 79
78 46
79 82
8 71
80 45
81 21
82 15
83 98
84 89
85 51
86 32
87 78
88 44
89 64
9 48
90 81
91 62
92 13
93 34
94 8
95 50
96 16
97 43
98 52
99 63
Failed to find node to remove: fermentology
1 85
10 26
100 84
11 6
12 2
13 97
14 61
15 93
16 66
17 76
18 10
19 14
2 87
20 70
21 3
22 11
23 37
24 58
25 25
26 28
27 74
28 53
29 68
3 73
30 23
31 7
32 33
33 65
34 36
35 17
36 18
37 56
38 24
39 92
4 39
40 77
41 30
42 69
43 5
44 42
45 41
46 83
47 90
48 12
49 1
5 40
50 72
51 86
52 47
53 67
54 95
55 59
56 80
57 22
58 54
59 96
6 27
60 91
61 9
62 31
63 75
64 0
65 19
66 29
67 57
68 4
69 55
7 35
70 94
71 99
72 38
73 49
74 88
75 20
76 60
77 79
78 46
79 82
8 71
80 45
81 21
82 15
83 98
84 89
85 51
86 32
87 78
88 44
89 64
9 48
90 81
91 62
92 13
93 34
94 8
95 50
96 16
97 43
98 52
99 63
Failed to find node to remove: may
1 85
10 26
100 84
11 6
12 2
13 97
14 61
15 93
16 66
17 76
18 10
19 14
2 87
20 70
21 3
22 11
23 37
24 58
25 25
26 28
27 74
28 53
29 68
3 73
30 23
31 7
32 33
33 65
34 36
35 17
36 18
37 56
38 24
39 92
4 39
40 77
41 30
42 69
43 5
44 42
45 41
46 83
47 90
48 12
49 1
5 40
50 72
51 86
52 47
53 67
54 95
55 59
56 80
57 22
58 54
59 96
6 27
60 91
61 9
62 31
63 75
64 0
65 19
66 29
67 57
68 4
69 55
7 35
70 94
71 99
72 38
73 49
74 88
75 20
76 60
77 79
78 46
79 82
8 71
80 45
81 21
82 15
83 98
84 89
85 51
86 32
87 78
88 44
89 64
9 48
90 81
91 62
92 13
93 34
94 8
95 50
96 16
97 43
98 52
99 63
Failed to find node to remove: heteroploid
1 85
10 26
100 84
11 6
12 2
13 97
14 61
15 93
16 66
17 76
18 10
19 14
2 87
20 70
21 3
22 11
23 37
24 58
25 25
26 28
27 74
28 53
29 68
3 73
30 23
31 7
32 33
33 65
34 36
35 17
36 18
37 56
38 24
39 92
4 39
40 77
41 30
42 69
43 5
44 42
45 41
46 83
47 90
48 12
49 1
5 40
50 72
51 86
52 47
53 67
54 95
55 59
56 80
57 22
58 54
59 96
6 27
60 91
61 9
62 31
63 75
64 0
65 19
66 29
67 57
68 4
69 55
7 35
70 94
71 99
72 38
73 49
74 88
75 20
76 60
77 79
78 46
79 82
8 71
80 45
81 21
82 15
83 98
84 89
85 51
86 32
87 78
88 44
89 64
9 48
90 81
91 62
92 13
93 34
94 8
95 50
96 16
97 43
98 52
99 63
Failed to find node to remove: centricality
1 85
10 26
100 84
11 6
12 2
13 97
14 61
15 93
16 66
17 76
18 10
19 14
2 87
20 70
21 3
22 11
23 37
24 58
25 25
26 28
27 74
28 53
29 68
3 73
30 23
31 7
32 33
33 65
34 36
35 17
36 18
37 56
38 24
39 92
4 39
40 77
41 30
42 69
43 5
44 42
45 41
46 83
47 90
48 12
49 1
5 40
50 72
51 86
52 47
53 67
54 95
55 59
56 80
57 22
58 54
59 96
6 27
60 91
61 9
62 31
63 75
64 0
65 19
66 29
67 57
68 4
69 55
7 35
70 94
71 99
72 38
73 49
74 88
75 20
76 60
77 79
78 46
79 82
8 71
80 45
81 21
82 15
83 98
84 89
85 51
86 32
87 78
88 44
89 64
9 48
90 81
91 62
92 13
93 34
94 8
95 50
96 16
97 43
98 52
99 63
Failed to find node to remove: outscore
1 85
10 26
100 84
11 6
12 2
13 97
14 61
15 93
16 66
17 76
18 10
19 14
2 87
20 70
21 3
22 11
23 37
24 58
25 25
26 28
27 74
28 53
29 68
3 73
30 23
31 7
32 33
33 65
34 36
35 17
36 18
37 56
38 24
39 92
4 39
40 77
41 30
42 69
43 5
44 42
45 41
46 83
47 90
48 12
49 1
5 40
50 72
51 86
52 47
53 67
54 95
55 59
56 80
57 22
58 54
59 96
6 27
60 91
61 9
62 31
63 75
64 0
65 19
66 29
67 57
68 4
69 55
7 35
70 94
71 99
72 38
73 49
74 88
75 20
76 60
77 79
78 46
79 82
8 71
80 45
81 21
82 15
83 98
84 89
85 51
86 32
87 78
88 44
89 64
9 48
90 81
91 62
92 13
93 34
94 8
95 50
96 16
97 43
98 52
99 63
Failed to find node to remove: radiolite
1 85
10 26
100 84
11 6
12 2
13 97
14 61
15 93
16 66
17 76
18 10
19 14
2 87
20 70
21 3
22 11
23 37
24 58
25 25
26 28
27 74
28 53
29 68
3 73
30 23
31 7
32 33
33 65
34 36
35 17
36 18
37 56
38 24
39 92
4 39
40 77
41 30
42 69
43 5
44 42
45 41
46 83
47 90
48 12
49 1
5 40
50 72
51 86
52 47
53 67
54 95
55 59
56 80
57 22
58 54
59 96
6 27
60 91
61 9
62 31
63 75
64 0
65 19
66 29
67 57
68 4
69 55
7 35
70 94
71 99
72 38
73 49
74 88
75 20
76 60
77 79
78 46
79 82
8 71
80 45
81 21
82 15
83 98
84 89
85 51
86 32
87 78
88 44
89 64
9 48
90 81
91 62
92 13
93 34
94 8
95 50
96 16
97 43
98 52
99 63
Failed to find node to remove: rhincospasm
1 85
10 26
100 84
11 6
12 2
13 97
14 61
15 93
16 66
17 76
18 10
19 14
2 87
20 70
21 3
22 11
23 37
24 58
25 25
26 28
27 74
28 53
29 68
3 73
30 23
31 7
32 33
33 65
34 36
35 17
36 18
37 56
38 24
39 92
4 39
40 77
41 30
42 69
43 5
44 42
45 41
46 83
47 90
48 12
49 1
5 40
50 72
51 86
52 47
53 67
54 95
55 59
56 80
57 22
58 54
59 96
6 27
60 91
61 9
62 31
63 75
64 0
65 19
66 29
67 57
68 4
69 55
7 35
70 94
71 99
72 38
73 49
74 88
75 20
76 60
77 79
78 46
79 82
8 71
80 45
81 21
82 15
83 98
84 89
85 51
86 32
87 78
88 44
89 64
9 48
90 81
91 62
92 13
93 34
94 8
95 50
96 16
97 43
98 52
99 63
Failed to find node to remove: rudistae
1 85
10 26
100 84
11 6
12 2
13 97
14 61
15 93
16 66
17 76
18 10
19 14
2 87
20 70
21 3
22 11
23 37
24 58
25 25
26 28
27 74
28 53
29 68
3 73
30 23
31 7
32 33
33 65
34 36
35 17
36 18
37 56
38 24
39 92
4 39
40 77
41 30
42 69
43 5
44 42
45 41
46 83
47 90
48 12
49 1
5 40
50 72
51 86
52 47
53 67
54 95
55 59
56 80
57 22
58 54
59 96
6 27
60 91
61 9
62 31
63 75
64 0
65 19
66 29
67 57
68 4
69 55
7 35
70 94
71 99
72 38
73 49
74 88
75 20
76 60
77 79
78 46
79 82
8 71
80 45
81 21
82 15
83 98
84 89
85 51
86 32
87 78
88 44
89 64
9 48
90 81
91 62
92 13
93 34
94 8
95 50
96 16
97 43
98 52
99 63
