Insert 64 0 in front
64 0
Insert 49 1 in front
49 1
64 0
Insert 12 2 in front
12 2
49 1
64 0
Insert 21 3 in front
21 3
12 2
49 1
64 0
Insert 68 4 in front
68 4
21 3
12 2
49 1
64 0
Insert 43 5 in front
43 5
68 4
21 3
12 2
49 1
64 0
Insert 11 6 in front
11 6
43 5
68 4
21 3
12 2
49 1
64 0
Insert 31 7 in front
31 7
11 6
43 5
68 4
21 3
12 2
49 1
64 0
Insert 94 8 in front
94 8
31 7
11 6
43 5
68 4
21 3
12 2
49 1
64 0
Insert 61 9 in front
61 9
94 8
31 7
11 6
43 5
68 4
21 3
12 2
49 1
64 0
Insert 18 10 in front
18 10
61 9
94 8
31 7
11 6
43 5
68 4
21 3
12 2
49 1
64 0
Insert 22 11 in front
22 11
18 10
61 9
94 8
31 7
11 6
43 5
68 4
21 3
12 2
49 1
64 0
Insert 48 12 in front
48 12
22 11
18 10
61 9
94 8
31 7
11 6
43 5
68 4
21 3
12 2
49 1
64 0
Insert 92 13 in front
92 13
48 12
22 11
18 10
61 9
94 8
31 7
11 6
43 5
68 4
21 3
12 2
49 1
64 0
Insert 19 14 in front
19 14
92 13
48 12
22 11
18 10
61 9
94 8
31 7
11 6
43 5
68 4
21 3
12 2
49 1
64 0
Insert 82 15 in front
82 15
19 14
92 13
48 12
22 11
18 10
61 9
94 8
31 7
11 6
43 5
68 4
21 3
12 2
49 1
64 0
Insert 96 16 in front
96 16
82 15
19 14
92 13
48 12
22 11
18 10
61 9
94 8
31 7
11 6
43 5
68 4
21 3
12 2
49 1
64 0
Insert 35 17 in front
35 17
96 16
82 15
19 14
92 13
48 12
22 11
18 10
61 9
94 8
31 7
11 6
43 5
68 4
21 3
12 2
49 1
64 0
Insert 36 18 in front
36 18
35 17
96 16
82 15
19 14
92 13
48 12
22 11
18 10
61 9
94 8
31 7
11 6
43 5
68 4
21 3
12 2
49 1
64 0
Insert 65 19 in front
65 19
36 18
35 17
96 16
82 15
19 14
92 13
48 12
22 11
18 10
61 9
94 8
31 7
11 6
43 5
68 4
21 3
12 2
49 1
64 0
Insert 75 20 in front
75 20
65 19
36 18
35 17
96 16
82 15
19 14
92 13
48 12
22 11
18 10
61 9
94 8
31 7
11 6
43 5
68 4
21 3
12 2
49 1
64 0
Insert 81 21 in front
81 21
75 20
65 19
36 18
35 17
96 16
82 15
19 14
92 13
48 12
22 11
18 10
61 9
94 8
31 7
11 6
43 5
68 4
21 3
12 2
49 1
64 0
Insert 57 22 in front
57 22
81 21
75 20
65 19
36 18
35 17
96 16
82 15
19 14
92 13
48 12
22 11
18 10
61 9
94 8
31 7
11 6
43 5
68 4
21 3
12 2
49 1
64 0
Insert 30 23 in front
30 23
57 22
81 21
75 20
65 19
36 18
35 17
96 16
82 15
19 14
92 13
48 12
22 11
18 10
61 9
94 8
31 7
11 6
43 5
68 4
21 3
12 2
49 1
64 0
Insert 38 24 in front
38 24
30 23
57 22
81 21
75 20
65 19
36 18
35 17
96 16
82 15
19 14
92 13
48 12
22 11
18 10
61 9
94 8
31 7
11 6
43 5
68 4
21 3
12 2
49 1
64 0
Insert 25 25 in front
25 25
38 24
30 23
57 22
81 21
75 20
65 19
36 18
35 17
96 16
82 15
19 14
92 13
48 12
22 11
18 10
61 9
94 8
31 7
11 6
43 5
68 4
21 3
12 2
49 1
64 0
Insert 10 26 in front
10 26
25 25
38 24
30 23
57 22
81 21
75 20
65 19
36 18
35 17
96 16
82 15
19 14
92 13
48 12
22 11
18 10
61 9
94 8
31 7
11 6
43 5
68 4
21 3
12 2
49 1
64 0
Insert 6 27 in front
6 27
10 26
25 25
38 24
30 23
57 22
81 21
75 20
65 19
36 18
35 17
96 16
82 15
19 14
92 13
48 12
22 11
18 10
61 9
94 8
31 7
11 6
43 5
68 4
21 3
12 2
49 1
64 0
Insert 26 28 in front
26 28
6 27
10 26
25 25
38 24
30 23
57 22
81 21
75 20
65 19
36 18
35 17
96 16
82 15
19 14
92 13
48 12
22 11
18 10
61 9
94 8
31 7
11 6
43 5
68 4
21 3
12 2
49 1
64 0
Insert 66 29 in front
66 29
26 28
6 27
10 26
25 25
38 24
30 23
57 22
81 21
75 20
65 19
36 18
35 17
96 16
82 15
19 14
92 13
48 12
22 11
18 10
61 9
94 8
31 7
11 6
43 5
68 4
21 3
12 2
49 1
64 0
Insert 41 30 in front
41 30
66 29
26 28
6 27
10 26
25 25
38 24
30 23
57 22
81 21
75 20
65 19
36 18
35 17
96 16
82 15
19 14
92 13
48 12
22 11
18 10
61 9
94 8
31 7
11 6
43 5
68 4
21 3
12 2
49 1
64 0
Insert 62 31 in front
62 31
41 30
66 29
26 28
6 27
10 26
25 25
38 24
30 23
57 22
81 21
75 20
65 19
36 18
35 17
96 16
82 15
19 14
92 13
48 12
22 11
18 10
61 9
94 8
31 7
11 6
43 5
68 4
21 3
12 2
49 1
64 0
Insert 86 32 in front
86 32
62 31
41 30
66 29
26 28
6 27
10 26
25 25
38 24
30 23
57 22
81 21
75 20
65 19
36 18
35 17
96 16
82 15
19 14
92 13
48 12
22 11
18 10
61 9
94 8
31 7
11 6
43 5
68 4
21 3
12 2
49 1
64 0
Insert 32 33 in front
32 33
86 32
62 31
41 30
66 29
26 28
6 27
10 26
25 25
38 24
30 23
57 22
81 21
75 20
65 19
36 18
35 17
96 16
82 15
19 14
92 13
48 12
22 11
18 10
61 9
94 8
31 7
11 6
43 5
68 4
21 3
12 2
49 1
64 0
Insert 93 34 in front
93 34
32 33
86 32
62 31
41 30
66 29
26 28
6 27
10 26
25 25
38 24
30 23
57 22
81 21
75 20
65 19
36 18
35 17
96 16
82 15
19 14
92 13
48 12
22 11
18 10
61 9
94 8
31 7
11 6
43 5
68 4
21 3
12 2
49 1
64 0
Insert 7 35 in front
7 35
93 34
32 33
86 32
62 31
41 30
66 29
26 28
6 27
10 26
25 25
38 24
30 23
57 22
81 21
75 20
65 19
36 18
35 17
96 16
82 15
19 14
92 13
48 12
22 11
18 10
61 9
94 8
31 7
11 6
43 5
68 4
21 3
12 2
49 1
64 0
Insert 34 36 in front
34 36
7 35
93 34
32 33
86 32
62 31
41 30
66 29
26 28
6 27
10 26
25 25
38 24
30 23
57 22
81 21
75 20
65 19
36 18
35 17
96 16
82 15
19 14
92 13
48 12
22 11
18 10
61 9
94 8
31 7
11 6
43 5
68 4
21 3
12 2
49 1
64 0
Insert 23 37 in front
23 37
34 36
7 35
93 34
32 33
86 32
62 31
41 30
66 29
26 28
6 27
10 26
25 25
38 24
30 23
57 22
81 21
75 20
65 19
36 18
35 17
96 16
82 15
19 14
92 13
48 12
22 11
18 10
61 9
94 8
31 7
11 6
43 5
68 4
21 3
12 2
49 1
64 0
Insert 72 38 in front
72 38
23 37
34 36
7 35
93 34
32 33
86 32
62 31
41 30
66 29
26 28
6 27
10 26
25 25
38 24
30 23
57 22
81 21
75 20
65 19
36 18
35 17
96 16
82 15
19 14
92 13
48 12
22 11
18 10
61 9
94 8
31 7
11 6
43 5
68 4
21 3
12 2
49 1
64 0
Insert 4 39 in front
4 39
72 38
23 37
34 36
7 35
93 34
32 33
86 32
62 31
41 30
66 29
26 28
6 27
10 26
25 25
38 24
30 23
57 22
81 21
75 20
65 19
36 18
35 17
96 16
82 15
19 14
92 13
48 12
22 11
18 10
61 9
94 8
31 7
11 6
43 5
68 4
21 3
12 2
49 1
64 0
Insert 5 40 in front
5 40
4 39
72 38
23 37
34 36
7 35
93 34
32 33
86 32
62 31
41 30
66 29
26 28
6 27
10 26
25 25
38 24
30 23
57 22
81 21
75 20
65 19
36 18
35 17
96 16
82 15
19 14
92 13
48 12
22 11
18 10
61 9
94 8
31 7
11 6
43 5
68 4
21 3
12 2
49 1
64 0
Insert 45 41 in front
45 41
5 40
4 39
72 38
23 37
34 36
7 35
93 34
32 33
86 32
62 31
41 30
66 29
26 28
6 27
10 26
25 25
38 24
30 23
57 22
81 21
75 20
65 19
36 18
35 17
96 16
82 15
19 14
92 13
48 12
22 11
18 10
61 9
94 8
31 7
11 6
43 5
68 4
21 3
12 2
49 1
64 0
Insert 44 42 in front
44 42
45 41
5 40
4 39
72 38
23 37
34 36
7 35
93 34
32 33
86 32
62 31
41 30
66 29
26 28
6 27
10 26
25 25
38 24
30 23
57 22
81 21
75 20
65 19
36 18
35 17
96 16
82 15
19 14
92 13
48 12
22 11
18 10
61 9
94 8
31 7
11 6
43 5
68 4
21 3
12 2
49 1
64 0
Insert 97 43 in front
97 43
44 42
45 41
5 40
4 39
72 38
23 37
34 36
7 35
93 34
32 33
86 32
62 31
41 30
66 29
26 28
6 27
10 26
25 25
38 24
30 23
57 22
81 21
75 20
65 19
36 18
35 17
96 16
82 15
19 14
92 13
48 12
22 11
18 10
61 9
94 8
31 7
11 6
43 5
68 4
21 3
12 2
49 1
64 0
Insert 88 44 in front
88 44
97 43
44 42
45 41
5 40
4 39
72 38
23 37
34 36
7 35
93 34
32 33
86 32
62 31
41 30
66 29
26 28
6 27
10 26
25 25
38 24
30 23
57 22
81 21
75 20
65 19
36 18
35 17
96 16
82 15
19 14
92 13
48 12
22 11
18 10
61 9
94 8
31 7
11 6
43 5
68 4
21 3
12 2
49 1
64 0
Insert 80 45 in front
80 45
88 44
97 43
44 42
45 41
5 40
4 39
72 38
23 37
34 36
7 35
93 34
32 33
86 32
62 31
41 30
66 29
26 28
6 27
10 26
25 25
38 24
30 23
57 22
81 21
75 20
65 19
36 18
35 17
96 16
82 15
19 14
92 13
48 12
22 11
18 10
61 9
94 8
31 7
11 6
43 5
68 4
21 3
12 2
49 1
64 0
Insert 78 46 in front
78 46
80 45
88 44
97 43
44 42
45 41
5 40
4 39
72 38
23 37
34 36
7 35
93 34
32 33
86 32
62 31
41 30
66 29
26 28
6 27
10 26
25 25
38 24
30 23
57 22
81 21
75 20
65 19
36 18
35 17
96 16
82 15
19 14
92 13
48 12
22 11
18 10
61 9
94 8
31 7
11 6
43 5
68 4
21 3
12 2
49 1
64 0
Insert 52 47 in front
52 47
78 46
80 45
88 44
97 43
44 42
45 41
5 40
4 39
72 38
23 37
34 36
7 35
93 34
32 33
86 32
62 31
41 30
66 29
26 28
6 27
10 26
25 25
38 24
30 23
57 22
81 21
75 20
65 19
36 18
35 17
96 16
82 15
19 14
92 13
48 12
22 11
18 10
61 9
94 8
31 7
11 6
43 5
68 4
21 3
12 2
49 1
64 0
Insert 9 48 in front
9 48
52 47
78 46
80 45
88 44
97 43
44 42
45 41
5 40
4 39
72 38
23 37
34 36
7 35
93 34
32 33
86 32
62 31
41 30
66 29
26 28
6 27
10 26
25 25
38 24
30 23
57 22
81 21
75 20
65 19
36 18
35 17
96 16
82 15
19 14
92 13
48 12
22 11
18 10
61 9
94 8
31 7
11 6
43 5
68 4
21 3
12 2
49 1
64 0
Insert 73 49 in front
73 49
9 48
52 47
78 46
80 45
88 44
97 43
44 42
45 41
5 40
4 39
72 38
23 37
34 36
7 35
93 34
32 33
86 32
62 31
41 30
66 29
26 28
6 27
10 26
25 25
38 24
30 23
57 22
81 21
75 20
65 19
36 18
35 17
96 16
82 15
19 14
92 13
48 12
22 11
18 10
61 9
94 8
31 7
11 6
43 5
68 4
21 3
12 2
49 1
64 0
Insert 95 50 in front
95 50
73 49
9 48
52 47
78 46
80 45
88 44
97 43
44 42
45 41
5 40
4 39
72 38
23 37
34 36
7 35
93 34
32 33
86 32
62 31
41 30
66 29
26 28
6 27
10 26
25 25
38 24
30 23
57 22
81 21
75 20
65 19
36 18
35 17
96 16
82 15
19 14
92 13
48 12
22 11
18 10
61 9
94 8
31 7
11 6
43 5
68 4
21 3
12 2
49 1
64 0
Insert 85 51 in front
85 51
95 50
73 49
9 48
52 47
78 46
80 45
88 44
97 43
44 42
45 41
5 40
4 39
72 38
23 37
34 36
7 35
93 34
32 33
86 32
62 31
41 30
66 29
26 28
6 27
10 26
25 25
38 24
30 23
57 22
81 21
75 20
65 19
36 18
35 17
96 16
82 15
19 14
92 13
48 12
22 11
18 10
61 9
94 8
31 7
11 6
43 5
68 4
21 3
12 2
49 1
64 0
Insert 98 52 in front
98 52
85 51
95 50
73 49
9 48
52 47
78 46
80 45
88 44
97 43
44 42
45 41
5 40
4 39
72 38
23 37
34 36
7 35
93 34
32 33
86 32
62 31
41 30
66 29
26 28
6 27
10 26
25 25
38 24
30 23
57 22
81 21
75 20
65 19
36 18
35 17
96 16
82 15
19 14
92 13
48 12
22 11
18 10
61 9
94 8
31 7
11 6
43 5
68 4
21 3
12 2
49 1
64 0
Insert 28 53 in front
28 53
98 52
85 51
95 50
73 49
9 48
52 47
78 46
80 45
88 44
97 43
44 42
45 41
5 40
4 39
72 38
23 37
34 36
7 35
93 34
32 33
86 32
62 31
41 30
66 29
26 28
6 27
10 26
25 25
38 24
30 23
57 22
81 21
75 20
65 19
36 18
35 17
96 16
82 15
19 14
92 13
48 12
22 11
18 10
61 9
94 8
31 7
11 6
43 5
68 4
21 3
12 2
49 1
64 0
Insert 58 54 in front
58 54
28 53
98 52
85 51
95 50
73 49
9 48
52 47
78 46
80 45
88 44
97 43
44 42
45 41
5 40
4 39
72 38
23 37
34 36
7 35
93 34
32 33
86 32
62 31
41 30
66 29
26 28
6 27
10 26
25 25
38 24
30 23
57 22
81 21
75 20
65 19
36 18
35 17
96 16
82 15
19 14
92 13
48 12
22 11
18 10
61 9
94 8
31 7
11 6
43 5
68 4
21 3
12 2
49 1
64 0
Insert 69 55 in front
69 55
58 54
28 53
98 52
85 51
95 50
73 49
9 48
52 47
78 46
80 45
88 44
97 43
44 42
45 41
5 40
4 39
72 38
23 37
34 36
7 35
93 34
32 33
86 32
62 31
41 30
66 29
26 28
6 27
10 26
25 25
38 24
30 23
57 22
81 21
75 20
65 19
36 18
35 17
96 16
82 15
19 14
92 13
48 12
22 11
18 10
61 9
94 8
31 7
11 6
43 5
68 4
21 3
12 2
49 1
64 0
Insert 37 56 in front
37 56
69 55
58 54
28 53
98 52
85 51
95 50
73 49
9 48
52 47
78 46
80 45
88 44
97 43
44 42
45 41
5 40
4 39
72 38
23 37
34 36
7 35
93 34
32 33
86 32
62 31
41 30
66 29
26 28
6 27
10 26
25 25
38 24
30 23
57 22
81 21
75 20
65 19
36 18
35 17
96 16
82 15
19 14
92 13
48 12
22 11
18 10
61 9
94 8
31 7
11 6
43 5
68 4
21 3
12 2
49 1
64 0
Insert 67 57 in front
67 57
37 56
69 55
58 54
28 53
98 52
85 51
95 50
73 49
9 48
52 47
78 46
80 45
88 44
97 43
44 42
45 41
5 40
4 39
72 38
23 37
34 36
7 35
93 34
32 33
86 32
62 31
41 30
66 29
26 28
6 27
10 26
25 25
38 24
30 23
57 22
81 21
75 20
65 19
36 18
35 17
96 16
82 15
19 14
92 13
48 12
22 11
18 10
61 9
94 8
31 7
11 6
43 5
68 4
21 3
12 2
49 1
64 0
Insert 24 58 in front
24 58
67 57
37 56
69 55
58 54
28 53
98 52
85 51
95 50
73 49
9 48
52 47
78 46
80 45
88 44
97 43
44 42
45 41
5 40
4 39
72 38
23 37
34 36
7 35
93 34
32 33
86 32
62 31
41 30
66 29
26 28
6 27
10 26
25 25
38 24
30 23
57 22
81 21
75 20
65 19
36 18
35 17
96 16
82 15
19 14
92 13
48 12
22 11
18 10
61 9
94 8
31 7
11 6
43 5
68 4
21 3
12 2
49 1
64 0
Insert 55 59 in front
55 59
24 58
67 57
37 56
69 55
58 54
28 53
98 52
85 51
95 50
73 49
9 48
52 47
78 46
80 45
88 44
97 43
44 42
45 41
5 40
4 39
72 38
23 37
34 36
7 35
93 34
32 33
86 32
62 31
41 30
66 29
26 28
6 27
10 26
25 25
38 24
30 23
57 22
81 21
75 20
65 19
36 18
35 17
96 16
82 15
19 14
92 13
48 12
22 11
18 10
61 9
94 8
31 7
11 6
43 5
68 4
21 3
12 2
49 1
64 0
Insert 76 60 in front
76 60
55 59
24 58
67 57
37 56
69 55
58 54
28 53
98 52
85 51
95 50
73 49
9 48
52 47
78 46
80 45
88 44
97 43
44 42
45 41
5 40
4 39
72 38
23 37
34 36
7 35
93 34
32 33
86 32
62 31
41 30
66 29
26 28
6 27
10 26
25 25
38 24
30 23
57 22
81 21
75 20
65 19
36 18
35 17
96 16
82 15
19 14
92 13
48 12
22 11
18 10
61 9
94 8
31 7
11 6
43 5
68 4
21 3
12 2
49 1
64 0
Insert 14 61 in front
14 61
76 60
55 59
24 58
67 57
37 56
69 55
58 54
28 53
98 52
85 51
95 50
73 49
9 48
52 47
78 46
80 45
88 44
97 43
44 42
45 41
5 40
4 39
72 38
23 37
34 36
7 35
93 34
32 33
86 32
62 31
41 30
66 29
26 28
6 27
10 26
25 25
38 24
30 23
57 22
81 21
75 20
65 19
36 18
35 17
96 16
82 15
19 14
92 13
48 12
22 11
18 10
61 9
94 8
31 7
11 6
43 5
68 4
21 3
12 2
49 1
64 0
Insert 91 62 in front
91 62
14 61
76 60
55 59
24 58
67 57
37 56
69 55
58 54
28 53
98 52
85 51
95 50
73 49
9 48
52 47
78 46
80 45
88 44
97 43
44 42
45 41
5 40
4 39
72 38
23 37
34 36
7 35
93 34
32 33
86 32
62 31
41 30
66 29
26 28
6 27
10 26
25 25
38 24
30 23
57 22
81 21
75 20
65 19
36 18
35 17
96 16
82 15
19 14
92 13
48 12
22 11
18 10
61 9
94 8
31 7
11 6
43 5
68 4
21 3
12 2
49 1
64 0
Insert 99 63 in front
99 63
91 62
14 61
76 60
55 59
24 58
67 57
37 56
69 55
58 54
28 53
98 52
85 51
95 50
73 49
9 48
52 47
78 46
80 45
88 44
97 43
44 42
45 41
5 40
4 39
72 38
23 37
34 36
7 35
93 34
32 33
86 32
62 31
41 30
66 29
26 28
6 27
10 26
25 25
38 24
30 23
57 22
81 21
75 20
65 19
36 18
35 17
96 16
82 15
19 14
92 13
48 12
22 11
18 10
61 9
94 8
31 7
11 6
43 5
68 4
21 3
12 2
49 1
64 0
Insert 89 64 in front
89 64
99 63
91 62
14 61
76 60
55 59
24 58
67 57
37 56
69 55
58 54
28 53
98 52
85 51
95 50
73 49
9 48
52 47
78 46
80 45
88 44
97 43
44 42
45 41
5 40
4 39
72 38
23 37
34 36
7 35
93 34
32 33
86 32
62 31
41 30
66 29
26 28
6 27
10 26
25 25
38 24
30 23
57 22
81 21
75 20
65 19
36 18
35 17
96 16
82 15
19 14
92 13
48 12
22 11
18 10
61 9
94 8
31 7
11 6
43 5
68 4
21 3
12 2
49 1
64 0
Insert 33 65 in front
33 65
89 64
99 63
91 62
14 61
76 60
55 59
24 58
67 57
37 56
69 55
58 54
28 53
98 52
85 51
95 50
73 49
9 48
52 47
78 46
80 45
88 44
97 43
44 42
45 41
5 40
4 39
72 38
23 37
34 36
7 35
93 34
32 33
86 32
62 31
41 30
66 29
26 28
6 27
10 26
25 25
38 24
30 23
57 22
81 21
75 20
65 19
36 18
35 17
96 16
82 15
19 14
92 13
48 12
22 11
18 10
61 9
94 8
31 7
11 6
43 5
68 4
21 3
12 2
49 1
64 0
Insert 16 66 in front
16 66
33 65
89 64
99 63
91 62
14 61
76 60
55 59
24 58
67 57
37 56
69 55
58 54
28 53
98 52
85 51
95 50
73 49
9 48
52 47
78 46
80 45
88 44
97 43
44 42
45 41
5 40
4 39
72 38
23 37
34 36
7 35
93 34
32 33
86 32
62 31
41 30
66 29
26 28
6 27
10 26
25 25
38 24
30 23
57 22
81 21
75 20
65 19
36 18
35 17
96 16
82 15
19 14
92 13
48 12
22 11
18 10
61 9
94 8
31 7
11 6
43 5
68 4
21 3
12 2
49 1
64 0
Insert 53 67 in front
53 67
16 66
33 65
89 64
99 63
91 62
14 61
76 60
55 59
24 58
67 57
37 56
69 55
58 54
28 53
98 52
85 51
95 50
73 49
9 48
52 47
78 46
80 45
88 44
97 43
44 42
45 41
5 40
4 39
72 38
23 37
34 36
7 35
93 34
32 33
86 32
62 31
41 30
66 29
26 28
6 27
10 26
25 25
38 24
30 23
57 22
81 21
75 20
65 19
36 18
35 17
96 16
82 15
19 14
92 13
48 12
22 11
18 10
61 9
94 8
31 7
11 6
43 5
68 4
21 3
12 2
49 1
64 0
Insert 29 68 in front
29 68
53 67
16 66
33 65
89 64
99 63
91 62
14 61
76 60
55 59
24 58
67 57
37 56
69 55
58 54
28 53
98 52
85 51
95 50
73 49
9 48
52 47
78 46
80 45
88 44
97 43
44 42
45 41
5 40
4 39
72 38
23 37
34 36
7 35
93 34
32 33
86 32
62 31
41 30
66 29
26 28
6 27
10 26
25 25
38 24
30 23
57 22
81 21
75 20
65 19
36 18
35 17
96 16
82 15
19 14
92 13
48 12
22 11
18 10
61 9
94 8
31 7
11 6
43 5
68 4
21 3
12 2
49 1
64 0
Insert 42 69 in front
42 69
29 68
53 67
16 66
33 65
89 64
99 63
91 62
14 61
76 60
55 59
24 58
67 57
37 56
69 55
58 54
28 53
98 52
85 51
95 50
73 49
9 48
52 47
78 46
80 45
88 44
97 43
44 42
45 41
5 40
4 39
72 38
23 37
34 36
7 35
93 34
32 33
86 32
62 31
41 30
66 29
26 28
6 27
10 26
25 25
38 24
30 23
57 22
81 21
75 20
65 19
36 18
35 17
96 16
82 15
19 14
92 13
48 12
22 11
18 10
61 9
94 8
31 7
11 6
43 5
68 4
21 3
12 2
49 1
64 0
Insert 20 70 in front
20 70
42 69
29 68
53 67
16 66
33 65
89 64
99 63
91 62
14 61
76 60
55 59
24 58
67 57
37 56
69 55
58 54
28 53
98 52
85 51
95 50
73 49
9 48
52 47
78 46
80 45
88 44
97 43
44 42
45 41
5 40
4 39
72 38
23 37
34 36
7 35
93 34
32 33
86 32
62 31
41 30
66 29
26 28
6 27
10 26
25 25
38 24
30 23
57 22
81 21
75 20
65 19
36 18
35 17
96 16
82 15
19 14
92 13
48 12
22 11
18 10
61 9
94 8
31 7
11 6
43 5
68 4
21 3
12 2
49 1
64 0
Insert 8 71 in front
8 71
20 70
42 69
29 68
53 67
16 66
33 65
89 64
99 63
91 62
14 61
76 60
55 59
24 58
67 57
37 56
69 55
58 54
28 53
98 52
85 51
95 50
73 49
9 48
52 47
78 46
80 45
88 44
97 43
44 42
45 41
5 40
4 39
72 38
23 37
34 36
7 35
93 34
32 33
86 32
62 31
41 30
66 29
26 28
6 27
10 26
25 25
38 24
30 23
57 22
81 21
75 20
65 19
36 18
35 17
96 16
82 15
19 14
92 13
48 12
22 11
18 10
61 9
94 8
31 7
11 6
43 5
68 4
21 3
12 2
49 1
64 0
Insert 50 72 in front
50 72
8 71
20 70
42 69
29 68
53 67
16 66
33 65
89 64
99 63
91 62
14 61
76 60
55 59
24 58
67 57
37 56
69 55
58 54
28 53
98 52
85 51
95 50
73 49
9 48
52 47
78 46
80 45
88 44
97 43
44 42
45 41
5 40
4 39
72 38
23 37
34 36
7 35
93 34
32 33
86 32
62 31
41 30
66 29
26 28
6 27
10 26
25 25
38 24
30 23
57 22
81 21
75 20
65 19
36 18
35 17
96 16
82 15
19 14
92 13
48 12
22 11
18 10
61 9
94 8
31 7
11 6
43 5
68 4
21 3
12 2
49 1
64 0
Insert 3 73 in front
3 73
50 72
8 71
20 70
42 69
29 68
53 67
16 66
33 65
89 64
99 63
91 62
14 61
76 60
55 59
24 58
67 57
37 56
69 55
58 54
28 53
98 52
85 51
95 50
73 49
9 48
52 47
78 46
80 45
88 44
97 43
44 42
45 41
5 40
4 39
72 38
23 37
34 36
7 35
93 34
32 33
86 32
62 31
41 30
66 29
26 28
6 27
10 26
25 25
38 24
30 23
57 22
81 21
75 20
65 19
36 18
35 17
96 16
82 15
19 14
92 13
48 12
22 11
18 10
61 9
94 8
31 7
11 6
43 5
68 4
21 3
12 2
49 1
64 0
Insert 27 74 in front
27 74
3 73
50 72
8 71
20 70
42 69
29 68
53 67
16 66
33 65
89 64
99 63
91 62
14 61
76 60
55 59
24 58
67 57
37 56
69 55
58 54
28 53
98 52
85 51
95 50
73 49
9 48
52 47
78 46
80 45
88 44
97 43
44 42
45 41
5 40
4 39
72 38
23 37
34 36
7 35
93 34
32 33
86 32
62 31
41 30
66 29
26 28
6 27
10 26
25 25
38 24
30 23
57 22
81 21
75 20
65 19
36 18
35 17
96 16
82 15
19 14
92 13
48 12
22 11
18 10
61 9
94 8
31 7
11 6
43 5
68 4
21 3
12 2
49 1
64 0
Insert 63 75 in front
63 75
27 74
3 73
50 72
8 71
20 70
42 69
29 68
53 67
16 66
33 65
89 64
99 63
91 62
14 61
76 60
55 59
24 58
67 57
37 56
69 55
58 54
28 53
98 52
85 51
95 50
73 49
9 48
52 47
78 46
80 45
88 44
97 43
44 42
45 41
5 40
4 39
72 38
23 37
34 36
7 35
93 34
32 33
86 32
62 31
41 30
66 29
26 28
6 27
10 26
25 25
38 24
30 23
57 22
81 21
75 20
65 19
36 18
35 17
96 16
82 15
19 14
92 13
48 12
22 11
18 10
61 9
94 8
31 7
11 6
43 5
68 4
21 3
12 2
49 1
64 0
Insert 17 76 in front
17 76
63 75
27 74
3 73
50 72
8 71
20 70
42 69
29 68
53 67
16 66
33 65
89 64
99 63
91 62
14 61
76 60
55 59
24 58
67 57
37 56
69 55
58 54
28 53
98 52
85 51
95 50
73 49
9 48
52 47
78 46
80 45
88 44
97 43
44 42
45 41
5 40
4 39
72 38
23 37
34 36
7 35
93 34
32 33
86 32
62 31
41 30
66 29
26 28
6 27
10 26
25 25
38 24
30 23
57 22
81 21
75 20
65 19
36 18
35 17
96 16
82 15
19 14
92 13
48 12
22 11
18 10
61 9
94 8
31 7
11 6
43 5
68 4
21 3
12 2
49 1
64 0
Insert 40 77 in front
40 77
17 76
63 75
27 74
3 73
50 72
8 71
20 70
42 69
29 68
53 67
16 66
33 65
89 64
99 63
91 62
14 61
76 60
55 59
24 58
67 57
37 56
69 55
58 54
28 53
98 52
85 51
95 50
73 49
9 48
52 47
78 46
80 45
88 44
97 43
44 42
45 41
5 40
4 39
72 38
23 37
34 36
7 35
93 34
32 33
86 32
62 31
41 30
66 29
26 28
6 27
10 26
25 25
38 24
30 23
57 22
81 21
75 20
65 19
36 18
35 17
96 16
82 15
19 14
92 13
48 12
22 11
18 10
61 9
94 8
31 7
11 6
43 5
68 4
21 3
12 2
49 1
64 0
Insert 87 78 in front
87 78
40 77
17 76
63 75
27 74
3 73
50 72
8 71
20 70
42 69
29 68
53 67
16 66
33 65
89 64
99 63
91 62
14 61
76 60
55 59
24 58
67 57
37 56
69 55
58 54
28 53
98 52
85 51
95 50
73 49
9 48
52 47
78 46
80 45
88 44
97 43
44 42
45 41
5 40
4 39
72 38
23 37
34 36
7 35
93 34
32 33
86 32
62 31
41 30
66 29
26 28
6 27
10 26
25 25
38 24
30 23
57 22
81 21
75 20
65 19
36 18
35 17
96 16
82 15
19 14
92 13
48 12
22 11
18 10
61 9
94 8
31 7
11 6
43 5
68 4
21 3
12 2
49 1
64 0
Insert 77 79 in front
77 79
87 78
40 77
17 76
63 75
27 74
3 73
50 72
8 71
20 70
42 69
29 68
53 67
16 66
33 65
89 64
99 63
91 62
14 61
76 60
55 59
24 58
67 57
37 56
69 55
58 54
28 53
98 52
85 51
95 50
73 49
9 48
52 47
78 46
80 45
88 44
97 43
44 42
45 41
5 40
4 39
72 38
23 37
34 36
7 35
93 34
32 33
86 32
62 31
41 30
66 29
26 28
6 27
10 26
25 25
38 24
30 23
57 22
81 21
75 20
65 19
36 18
35 17
96 16
82 15
19 14
92 13
48 12
22 11
18 10
61 9
94 8
31 7
11 6
43 5
68 4
21 3
12 2
49 1
64 0
Insert 56 80 in front
56 80
77 79
87 78
40 77
17 76
63 75
27 74
3 73
50 72
8 71
20 70
42 69
29 68
53 67
16 66
33 65
89 64
99 63
91 62
14 61
76 60
55 59
24 58
67 57
37 56
69 55
58 54
28 53
98 52
85 51
95 50
73 49
9 48
52 47
78 46
80 45
88 44
97 43
44 42
45 41
5 40
4 39
72 38
23 37
34 36
7 35
93 34
32 33
86 32
62 31
41 30
66 29
26 28
6 27
10 26
25 25
38 24
30 23
57 22
81 21
75 20
65 19
36 18
35 17
96 16
82 15
19 14
92 13
48 12
22 11
18 10
61 9
94 8
31 7
11 6
43 5
68 4
21 3
12 2
49 1
64 0
Insert 90 81 in front
90 81
56 80
77 79
87 78
40 77
17 76
63 75
27 74
3 73
50 72
8 71
20 70
42 69
29 68
53 67
16 66
33 65
89 64
99 63
91 62
14 61
76 60
55 59
24 58
67 57
37 56
69 55
58 54
28 53
98 52
85 51
95 50
73 49
9 48
52 47
78 46
80 45
88 44
97 43
44 42
45 41
5 40
4 39
72 38
23 37
34 36
7 35
93 34
32 33
86 32
62 31
41 30
66 29
26 28
6 27
10 26
25 25
38 24
30 23
57 22
81 21
75 20
65 19
36 18
35 17
96 16
82 15
19 14
92 13
48 12
22 11
18 10
61 9
94 8
31 7
11 6
43 5
68 4
21 3
12 2
49 1
64 0
Insert 79 82 in front
79 82
90 81
56 80
77 79
87 78
40 77
17 76
63 75
27 74
3 73
50 72
8 71
20 70
42 69
29 68
53 67
16 66
33 65
89 64
99 63
91 62
14 61
76 60
55 59
24 58
67 57
37 56
69 55
58 54
28 53
98 52
85 51
95 50
73 49
9 48
52 47
78 46
80 45
88 44
97 43
44 42
45 41
5 40
4 39
72 38
23 37
34 36
7 35
93 34
32 33
86 32
62 31
41 30
66 29
26 28
6 27
10 26
25 25
38 24
30 23
57 22
81 21
75 20
65 19
36 18
35 17
96 16
82 15
19 14
92 13
48 12
22 11
18 10
61 9
94 8
31 7
11 6
43 5
68 4
21 3
12 2
49 1
64 0
Insert 46 83 in front
46 83
79 82
90 81
56 80
77 79
87 78
40 77
17 76
63 75
27 74
3 73
50 72
8 71
20 70
42 69
29 68
53 67
16 66
33 65
89 64
99 63
91 62
14 61
76 60
55 59
24 58
67 57
37 56
69 55
58 54
28 53
98 52
85 51
95 50
73 49
9 48
52 47
78 46
80 45
88 44
97 43
44 42
45 41
5 40
4 39
72 38
23 37
34 36
7 35
93 34
32 33
86 32
62 31
41 30
66 29
26 28
6 27
10 26
25 25
38 24
30 23
57 22
81 21
75 20
65 19
36 18
35 17
96 16
82 15
19 14
92 13
48 12
22 11
18 10
61 9
94 8
31 7
11 6
43 5
68 4
21 3
12 2
49 1
64 0
Insert 100 84 in front
100 84
46 83
79 82
90 81
56 80
77 79
87 78
40 77
17 76
63 75
27 74
3 73
50 72
8 71
20 70
42 69
29 68
53 67
16 66
33 65
89 64
99 63
91 62
14 61
76 60
55 59
24 58
67 57
37 56
69 55
58 54
28 53
98 52
85 51
95 50
73 49
9 48
52 47
78 46
80 45
88 44
97 43
44 42
45 41
5 40
4 39
72 38
23 37
34 36
7 35
93 34
32 33
86 32
62 31
41 30
66 29
26 28
6 27
10 26
25 25
38 24
30 23
57 22
81 21
75 20
65 19
36 18
35 17
96 16
82 15
19 14
92 13
48 12
22 11
18 10
61 9
94 8
31 7
11 6
43 5
68 4
21 3
12 2
49 1
64 0
Insert 1 85 in front
1 85
100 84
46 83
79 82
90 81
56 80
77 79
87 78
40 77
17 76
63 75
27 74
3 73
50 72
8 71
20 70
42 69
29 68
53 67
16 66
33 65
89 64
99 63
91 62
14 61
76 60
55 59
24 58
67 57
37 56
69 55
58 54
28 53
98 52
85 51
95 50
73 49
9 48
52 47
78 46
80 45
88 44
97 43
44 42
45 41
5 40
4 39
72 38
23 37
34 36
7 35
93 34
32 33
86 32
62 31
41 30
66 29
26 28
6 27
10 26
25 25
38 24
30 23
57 22
81 21
75 20
65 19
36 18
35 17
96 16
82 15
19 14
92 13
48 12
22 11
18 10
61 9
94 8
31 7
11 6
43 5
68 4
21 3
12 2
49 1
64 0
Insert 51 86 in front
51 86
1 85
100 84
46 83
79 82
90 81
56 80
77 79
87 78
40 77
17 76
63 75
27 74
3 73
50 72
8 71
20 70
42 69
29 68
53 67
16 66
33 65
89 64
99 63
91 62
14 61
76 60
55 59
24 58
67 57
37 56
69 55
58 54
28 53
98 52
85 51
95 50
73 49
9 48
52 47
78 46
80 45
88 44
97 43
44 42
45 41
5 40
4 39
72 38
23 37
34 36
7 35
93 34
32 33
86 32
62 31
41 30
66 29
26 28
6 27
10 26
25 25
38 24
30 23
57 22
81 21
75 20
65 19
36 18
35 17
96 16
82 15
19 14
92 13
48 12
22 11
18 10
61 9
94 8
31 7
11 6
43 5
68 4
21 3
12 2
49 1
64 0
Insert 2 87 in front
2 87
51 86
1 85
100 84
46 83
79 82
90 81
56 80
77 79
87 78
40 77
17 76
63 75
27 74
3 73
50 72
8 71
20 70
42 69
29 68
53 67
16 66
33 65
89 64
99 63
91 62
14 61
76 60
55 59
24 58
67 57
37 56
69 55
58 54
28 53
98 52
85 51
95 50
73 49
9 48
52 47
78 46
80 45
88 44
97 43
44 42
45 41
5 40
4 39
72 38
23 37
34 36
7 35
93 34
32 33
86 32
62 31
41 30
66 29
26 28
6 27
10 26
25 25
38 24
30 23
57 22
81 21
75 20
65 19
36 18
35 17
96 16
82 15
19 14
92 13
48 12
22 11
18 10
61 9
94 8
31 7
11 6
43 5
68 4
21 3
12 2
49 1
64 0
Insert 74 88 in front
74 88
2 87
51 86
1 85
100 84
46 83
79 82
90 81
56 80
77 79
87 78
40 77
17 76
63 75
27 74
3 73
50 72
8 71
20 70
42 69
29 68
53 67
16 66
33 65
89 64
99 63
91 62
14 61
76 60
55 59
24 58
67 57
37 56
69 55
58 54
28 53
98 52
85 51
95 50
73 49
9 48
52 47
78 46
80 45
88 44
97 43
44 42
45 41
5 40
4 39
72 38
23 37
34 36
7 35
93 34
32 33
86 32
62 31
41 30
66 29
26 28
6 27
10 26
25 25
38 24
30 23
57 22
81 21
75 20
65 19
36 18
35 17
96 16
82 15
19 14
92 13
48 12
22 11
18 10
61 9
94 8
31 7
11 6
43 5
68 4
21 3
12 2
49 1
64 0
Insert 84 89 in front
84 89
74 88
2 87
51 86
1 85
100 84
46 83
79 82
90 81
56 80
77 79
87 78
40 77
17 76
63 75
27 74
3 73
50 72
8 71
20 70
42 69
29 68
53 67
16 66
33 65
89 64
99 63
91 62
14 61
76 60
55 59
24 58
67 57
37 56
69 55
58 54
28 53
98 52
85 51
95 50
73 49
9 48
52 47
78 46
80 45
88 44
97 43
44 42
45 41
5 40
4 39
72 38
23 37
34 36
7 35
93 34
32 33
86 32
62 31
41 30
66 29
26 28
6 27
10 26
25 25
38 24
30 23
57 22
81 21
75 20
65 19
36 18
35 17
96 16
82 15
19 14
92 13
48 12
22 11
18 10
61 9
94 8
31 7
11 6
43 5
68 4
21 3
12 2
49 1
64 0
Insert 47 90 in front
47 90
84 89
74 88
2 87
51 86
1 85
100 84
46 83
79 82
90 81
56 80
77 79
87 78
40 77
17 76
63 75
27 74
3 73
50 72
8 71
20 70
42 69
29 68
53 67
16 66
33 65
89 64
99 63
91 62
14 61
76 60
55 59
24 58
67 57
37 56
69 55
58 54
28 53
98 52
85 51
95 50
73 49
9 48
52 47
78 46
80 45
88 44
97 43
44 42
45 41
5 40
4 39
72 38
23 37
34 36
7 35
93 34
32 33
86 32
62 31
41 30
66 29
26 28
6 27
10 26
25 25
38 24
30 23
57 22
81 21
75 20
65 19
36 18
35 17
96 16
82 15
19 14
92 13
48 12
22 11
18 10
61 9
94 8
31 7
11 6
43 5
68 4
21 3
12 2
49 1
64 0
Insert 60 91 in front
60 91
47 90
84 89
74 88
2 87
51 86
1 85
100 84
46 83
79 82
90 81
56 80
77 79
87 78
40 77
17 76
63 75
27 74
3 73
50 72
8 71
20 70
42 69
29 68
53 67
16 66
33 65
89 64
99 63
91 62
14 61
76 60
55 59
24 58
67 57
37 56
69 55
58 54
28 53
98 52
85 51
95 50
73 49
9 48
52 47
78 46
80 45
88 44
97 43
44 42
45 41
5 40
4 39
72 38
23 37
34 36
7 35
93 34
32 33
86 32
62 31
41 30
66 29
26 28
6 27
10 26
25 25
38 24
30 23
57 22
81 21
75 20
65 19
36 18
35 17
96 16
82 15
19 14
92 13
48 12
22 11
18 10
61 9
94 8
31 7
11 6
43 5
68 4
21 3
12 2
49 1
64 0
Insert 39 92 in front
39 92
60 91
47 90
84 89
74 88
2 87
51 86
1 85
100 84
46 83
79 82
90 81
56 80
77 79
87 78
40 77
17 76
63 75
27 74
3 73
50 72
8 71
20 70
42 69
29 68
53 67
16 66
33 65
89 64
99 63
91 62
14 61
76 60
55 59
24 58
67 57
37 56
69 55
58 54
28 53
98 52
85 51
95 50
73 49
9 48
52 47
78 46
80 45
88 44
97 43
44 42
45 41
5 40
4 39
72 38
23 37
34 36
7 35
93 34
32 33
86 32
62 31
41 30
66 29
26 28
6 27
10 26
25 25
38 24
30 23
57 22
81 21
75 20
65 19
36 18
35 17
96 16
82 15
19 14
92 13
48 12
22 11
18 10
61 9
94 8
31 7
11 6
43 5
68 4
21 3
12 2
49 1
64 0
Insert 15 93 in front
15 93
39 92
60 91
47 90
84 89
74 88
2 87
51 86
1 85
100 84
46 83
79 82
90 81
56 80
77 79
87 78
40 77
17 76
63 75
27 74
3 73
50 72
8 71
20 70
42 69
29 68
53 67
16 66
33 65
89 64
99 63
91 62
14 61
76 60
55 59
24 58
67 57
37 56
69 55
58 54
28 53
98 52
85 51
95 50
73 49
9 48
52 47
78 46
80 45
88 44
97 43
44 42
45 41
5 40
4 39
72 38
23 37
34 36
7 35
93 34
32 33
86 32
62 31
41 30
66 29
26 28
6 27
10 26
25 25
38 24
30 23
57 22
81 21
75 20
65 19
36 18
35 17
96 16
82 15
19 14
92 13
48 12
22 11
18 10
61 9
94 8
31 7
11 6
43 5
68 4
21 3
12 2
49 1
64 0
Insert 70 94 in front
70 94
15 93
39 92
60 91
47 90
84 89
74 88
2 87
51 86
1 85
100 84
46 83
79 82
90 81
56 80
77 79
87 78
40 77
17 76
63 75
27 74
3 73
50 72
8 71
20 70
42 69
29 68
53 67
16 66
33 65
89 64
99 63
91 62
14 61
76 60
55 59
24 58
67 57
37 56
69 55
58 54
28 53
98 52
85 51
95 50
73 49
9 48
52 47
78 46
80 45
88 44
97 43
44 42
45 41
5 40
4 39
72 38
23 37
34 36
7 35
93 34
32 33
86 32
62 31
41 30
66 29
26 28
6 27
10 26
25 25
38 24
30 23
57 22
81 21
75 20
65 19
36 18
35 17
96 16
82 15
19 14
92 13
48 12
22 11
18 10
61 9
94 8
31 7
11 6
43 5
68 4
21 3
12 2
49 1
64 0
Insert 54 95 in front
54 95
70 94
15 93
39 92
60 91
47 90
84 89
74 88
2 87
51 86
1 85
100 84
46 83
79 82
90 81
56 80
77 79
87 78
40 77
17 76
63 75
27 74
3 73
50 72
8 71
20 70
42 69
29 68
53 67
16 66
33 65
89 64
99 63
91 62
14 61
76 60
55 59
24 58
67 57
37 56
69 55
58 54
28 53
98 52
85 51
95 50
73 49
9 48
52 47
78 46
80 45
88 44
97 43
44 42
45 41
5 40
4 39
72 38
23 37
34 36
7 35
93 34
32 33
86 32
62 31
41 30
66 29
26 28
6 27
10 26
25 25
38 24
30 23
57 22
81 21
75 20
65 19
36 18
35 17
96 16
82 15
19 14
92 13
48 12
22 11
18 10
61 9
94 8
31 7
11 6
43 5
68 4
21 3
12 2
49 1
64 0
Insert 59 96 in front
59 96
54 95
70 94
15 93
39 92
60 91
47 90
84 89
74 88
2 87
51 86
1 85
100 84
46 83
79 82
90 81
56 80
77 79
87 78
40 77
17 76
63 75
27 74
3 73
50 72
8 71
20 70
42 69
29 68
53 67
16 66
33 65
89 64
99 63
91 62
14 61
76 60
55 59
24 58
67 57
37 56
69 55
58 54
28 53
98 52
85 51
95 50
73 49
9 48
52 47
78 46
80 45
88 44
97 43
44 42
45 41
5 40
4 39
72 38
23 37
34 36
7 35
93 34
32 33
86 32
62 31
41 30
66 29
26 28
6 27
10 26
25 25
38 24
30 23
57 22
81 21
75 20
65 19
36 18
35 17
96 16
82 15
19 14
92 13
48 12
22 11
18 10
61 9
94 8
31 7
11 6
43 5
68 4
21 3
12 2
49 1
64 0
Insert 13 97 in front
13 97
59 96
54 95
70 94
15 93
39 92
60 91
47 90
84 89
74 88
2 87
51 86
1 85
100 84
46 83
79 82
90 81
56 80
77 79
87 78
40 77
17 76
63 75
27 74
3 73
50 72
8 71
20 70
42 69
29 68
53 67
16 66
33 65
89 64
99 63
91 62
14 61
76 60
55 59
24 58
67 57
37 56
69 55
58 54
28 53
98 52
85 51
95 50
73 49
9 48
52 47
78 46
80 45
88 44
97 43
44 42
45 41
5 40
4 39
72 38
23 37
34 36
7 35
93 34
32 33
86 32
62 31
41 30
66 29
26 28
6 27
10 26
25 25
38 24
30 23
57 22
81 21
75 20
65 19
36 18
35 17
96 16
82 15
19 14
92 13
48 12
22 11
18 10
61 9
94 8
31 7
11 6
43 5
68 4
21 3
12 2
49 1
64 0
Insert 83 98 in front
83 98
13 97
59 96
54 95
70 94
15 93
39 92
60 91
47 90
84 89
74 88
2 87
51 86
1 85
100 84
46 83
79 82
90 81
56 80
77 79
87 78
40 77
17 76
63 75
27 74
3 73
50 72
8 71
20 70
42 69
29 68
53 67
16 66
33 65
89 64
99 63
91 62
14 61
76 60
55 59
24 58
67 57
37 56
69 55
58 54
28 53
98 52
85 51
95 50
73 49
9 48
52 47
78 46
80 45
88 44
97 43
44 42
45 41
5 40
4 39
72 38
23 37
34 36
7 35
93 34
32 33
86 32
62 31
41 30
66 29
26 28
6 27
10 26
25 25
38 24
30 23
57 22
81 21
75 20
65 19
36 18
35 17
96 16
82 15
19 14
92 13
48 12
22 11
18 10
61 9
94 8
31 7
11 6
43 5
68 4
21 3
12 2
49 1
64 0
Insert 71 99 in front
71 99
83 98
13 97
59 96
54 95
70 94
15 93
39 92
60 91
47 90
84 89
74 88
2 87
51 86
1 85
100 84
46 83
79 82
90 81
56 80
77 79
87 78
40 77
17 76
63 75
27 74
3 73
50 72
8 71
20 70
42 69
29 68
53 67
16 66
33 65
89 64
99 63
91 62
14 61
76 60
55 59
24 58
67 57
37 56
69 55
58 54
28 53
98 52
85 51
95 50
73 49
9 48
52 47
78 46
80 45
88 44
97 43
44 42
45 41
5 40
4 39
72 38
23 37
34 36
7 35
93 34
32 33
86 32
62 31
41 30
66 29
26 28
6 27
10 26
25 25
38 24
30 23
57 22
81 21
75 20
65 19
36 18
35 17
96 16
82 15
19 14
92 13
48 12
22 11
18 10
61 9
94 8
31 7
11 6
43 5
68 4
21 3
12 2
49 1
64 0
Failed to find: propeller
Failed to find: antimasonry
Failed to find: dacryon
Failed to find: unread
Failed to find: prosogyrate
Failed to find: omnimeter
Failed to find: thysanurous
Failed to find: overquickly
Failed to find: doucely
Failed to find: leucocytoplania
Failed to find: metrophotography
Failed to find: anhalouidine
Failed to find: droitural
Failed to find: humorist
Failed to find: dynamogenic
Failed to find: recuperation
Failed to find: apocynum
Failed to find: unforsaken
Failed to find: ulotrichaceous
Failed to find: autem
Failed to find: undevious
Failed to find: infraterritorial
Failed to find: precontroversy
Failed to find: subbourdon
Failed to find: viverrine
Failed to find: semisucculent
Failed to find: clinopodium
Failed to find: mycosterol
Failed to find: waistcoatless
Failed to find: tepal
Failed to find: goburra
Failed to find: nonaristocratic
Failed to find: setoff
Failed to find: rebeck
Failed to find: cropper
Failed to find: isatic
Failed to find: uglification
Failed to find: salva
Failed to find: mastigophora
Failed to find: catechismal
Failed to find: securifera
Failed to find: em
Failed to find: pneumonolith
Failed to find: suspensation
Failed to find: surplusage
Failed to find: nonperiodical
Failed to find: each
Failed to find: guildic
Failed to find: untyrannical
Failed to find: nontestamentary
Failed to find: dewclawed
Failed to find: taloned
Failed to find: pyrocatechuic
Failed to find: specificative
Failed to find: iodate
Failed to find: clarin
Failed to find: vagueness
Failed to find: subplantigrade
Failed to find: monochromatism
Failed to find: hypodermal
Failed to find: autoinfection
Failed to find: moneybag
Failed to find: pneumohydrothorax
Failed to find: unexemplifiable
Failed to find: mouillation
Failed to find: applotment
Failed to find: gulp
Failed to find: blindfolded
Failed to find: sadism
Failed to find: ophism
Failed to find: scissorwise
Failed to find: unskaithd
Failed to find: unreproving
Failed to find: analkalinity
Failed to find: demicoronal
Failed to find: hypotarsal
Failed to find: inattentive
Failed to find: filefish
Failed to find: encraty
Failed to find: visitational
Failed to find: unregard
Failed to find: unpreservable
Failed to find: ungettable
Failed to find: besomer
Failed to find: alchimy
Failed to find: akcheh
Failed to find: forereading
Failed to find: idioelectrical
Failed to find: gingernut
Failed to find: ultraradical
Failed to find: woodendite
Failed to find: acrotarsium
Failed to find: fermentology
Failed to find: may
Failed to find: heteroploid
Failed to find: centricality
Failed to find: outscore
Failed to find: radiolite
Failed to find: rhincospasm
Failed to find: rudistae
Now removing elements.
Failed to find node to remove: propeller
71 99
83 98
13 97
59 96
54 95
70 94
15 93
39 92
60 91
47 90
84 89
74 88
2 87
51 86
1 85
100 84
46 83
79 82
90 81
56 80
77 79
87 78
40 77
17 76
63 75
27 74
3 73
50 72
8 71
20 70
42 69
29 68
53 67
16 66
33 65
89 64
99 63
91 62
14 61
76 60
55 59
24 58
67 57
37 56
69 55
58 54
28 53
98 52
85 51
95 50
73 49
9 48
52 47
78 46
80 45
88 44
97 43
44 42
45 41
5 40
4 39
72 38
23 37
34 36
7 35
93 34
32 33
86 32
62 31
41 30
66 29
26 28
6 27
10 26
25 25
38 24
30 23
57 22
81 21
75 20
65 19
36 18
35 17
96 16
82 15
19 14
92 13
48 12
22 11
18 10
61 9
94 8
31 7
11 6
43 5
68 4
21 3
12 2
49 1
64 0
Failed to find node to remove: antimasonry
71 99
83 98
13 97
59 96
54 95
70 94
15 93
39 92
60 91
47 90
84 89
74 88
2 87
51 86
1 85
100 84
46 83
79 82
90 81
56 80
77 79
87 78
40 77
17 76
63 75
27 74
3 73
50 72
8 71
20 70
42 69
29 68
53 67
16 66
33 65
89 64
99 63
91 62
14 61
76 60
55 59
24 58
67 57
37 56
69 55
58 54
28 53
98 52
85 51
95 50
73 49
9 48
52 47
78 46
80 45
88 44
97 43
44 42
45 41
5 40
4 39
72 38
23 37
34 36
7 35
93 34
32 33
86 32
62 31
41 30
66 29
26 28
6 27
10 26
25 25
38 24
30 23
57 22
81 21
75 20
65 19
36 18
35 17
96 16
82 15
19 14
92 13
48 12
22 11
18 10
61 9
94 8
31 7
11 6
43 5
68 4
21 3
12 2
49 1
64 0
Failed to find node to remove: dacryon
71 99
83 98
13 97
59 96
54 95
70 94
15 93
39 92
60 91
47 90
84 89
74 88
2 87
51 86
1 85
100 84
46 83
79 82
90 81
56 80
77 79
87 78
40 77
17 76
63 75
27 74
3 73
50 72
8 71
20 70
42 69
29 68
53 67
16 66
33 65
89 64
99 63
91 62
14 61
76 60
55 59
24 58
67 57
37 56
69 55
58 54
28 53
98 52
85 51
95 50
73 49
9 48
52 47
78 46
80 45
88 44
97 43
44 42
45 41
5 40
4 39
72 38
23 37
34 36
7 35
93 34
32 33
86 32
62 31
41 30
66 29
26 28
6 27
10 26
25 25
38 24
30 23
57 22
81 21
75 20
65 19
36 18
35 17
96 16
82 15
19 14
92 13
48 12
22 11
18 10
61 9
94 8
31 7
11 6
43 5
68 4
21 3
12 2
49 1
64 0
Failed to find node to remove: unread
71 99
83 98
13 97
59 96
54 95
70 94
15 93
39 92
60 91
47 90
84 89
74 88
2 87
51 86
1 85
100 84
46 83
79 82
90 81
56 80
77 79
87 78
40 77
17 76
63 75
27 74
3 73
50 72
8 71
20 70
42 69
29 68
53 67
16 66
33 65
89 64
99 63
91 62
14 61
76 60
55 59
24 58
67 57
37 56
69 55
58 54
28 53
98 52
85 51
95 50
73 49
9 48
52 47
78 46
80 45
88 44
97 43
44 42
45 41
5 40
4 39
72 38
23 37
34 36
7 35
93 34
32 33
86 32
62 31
41 30
66 29
26 28
6 27
10 26
25 25
38 24
30 23
57 22
81 21
75 20
65 19
36 18
35 17
96 16
82 15
19 14
92 13
48 12
22 11
18 10
61 9
94 8
31 7
11 6
43 5
68 4
21 3
12 2
49 1
64 0
Failed to find node to remove: prosogyrate
71 99
83 98
13 97
59 96
54 95
70 94
15 93
39 92
60 91
47 90
84 89
74 88
2 87
51 86
1 85
100 84
46 83
79 82
90 81
56 80
77 79
87 78
40 77
17 76
63 75
27 74
3 73
50 72
8 71
20 70
42 69
29 68
53 67
16 66
33 65
89 64
99 63
91 62
14 61
76 60
55 59
24 58
67 57
37 56
69 55
58 54
28 53
98 52
85 51
95 50
73 49
9 48
52 47
78 46
80 45
88 44
97 43
44 42
45 41
5 40
4 39
72 38
23 37
34 36
7 35
93 34
32 33
86 32
62 31
41 30
66 29
26 28
6 27
10 26
25 25
38 24
30 23
57 22
81 21
75 20
65 19
36 18
35 17
96 16
82 15
19 14
92 13
48 12
22 11
18 10
61 9
94 8
31 7
11 6
43 5
68 4
21 3
12 2
49 1
64 0
Failed to find node to remove: omnimeter
71 99
83 98
13 97
59 96
54 95
70 94
15 93
39 92
60 91
47 90
84 89
74 88
2 87
51 86
1 85
100 84
46 83
79 82
90 81
56 80
77 79
87 78
40 77
17 76
63 75
27 74
3 73
50 72
8 71
20 70
42 69
29 68
53 67
16 66
33 65
89 64
99 63
91 62
14 61
76 60
55 59
24 58
67 57
37 56
69 55
58 54
28 53
98 52
85 51
95 50
73 49
9 48
52 47
78 46
80 45
88 44
97 43
44 42
45 41
5 40
4 39
72 38
23 37
34 36
7 35
93 34
32 33
86 32
62 31
41 30
66 29
26 28
6 27
10 26
25 25
38 24
30 23
57 22
81 21
75 20
65 19
36 18
35 17
96 16
82 15
19 14
92 13
48 12
22 11
18 10
61 9
94 8
31 7
11 6
43 5
68 4
21 3
12 2
49 1
64 0
Failed to find node to remove: thysanurous
71 99
83 98
13 97
59 96
54 95
70 94
15 93
39 92
60 91
47 90
84 89
74 88
2 87
51 86
1 85
100 84
46 83
79 82
90 81
56 80
77 79
87 78
40 77
17 76
63 75
27 74
3 73
50 72
8 71
20 70
42 69
29 68
53 67
16 66
33 65
89 64
99 63
91 62
14 61
76 60
55 59
24 58
67 57
37 56
69 55
58 54
28 53
98 52
85 51
95 50
73 49
9 48
52 47
78 46
80 45
88 44
97 43
44 42
45 41
5 40
4 39
72 38
23 37
34 36
7 35
93 34
32 33
86 32
62 31
41 30
66 29
26 28
6 27
10 26
25 25
38 24
30 23
57 22
81 21
75 20
65 19
36 18
35 17
96 16
82 15
19 14
92 13
48 12
22 11
18 10
61 9
94 8
31 7
11 6
43 5
68 4
21 3
12 2
49 1
64 0
Failed to find node to remove: overquickly
71 99
83 98
13 97
59 96
54 95
70 94
15 93
39 92
60 91
47 90
84 89
74 88
2 87
51 86
1 85
100 84
46 83
79 82
90 81
56 80
77 79
87 78
40 77
17 76
63 75
27 74
3 73
50 72
8 71
20 70
42 69
29 68
53 67
16 66
33 65
89 64
99 63
91 62
14 61
76 60
55 59
24 58
67 57
37 56
69 55
58 54
28 53
98 52
85 51
95 50
73 49
9 48
52 47
78 46
80 45
88 44
97 43
44 42
45 41
5 40
4 39
72 38
23 37
34 36
7 35
93 34
32 33
86 32
62 31
41 30
66 29
26 28
6 27
10 26
25 25
38 24
30 23
57 22
81 21
75 20
65 19
36 18
35 17
96 16
82 15
19 14
92 13
48 12
22 11
18 10
61 9
94 8
31 7
11 6
43 5
68 4
21 3
12 2
49 1
64 0
Failed to find node to remove: doucely
71 99
83 98
13 97
59 96
54 95
70 94
15 93
39 92
60 91
47 90
84 89
74 88
2 87
51 86
1 85
100 84
46 83
79 82
90 81
56 80
77 79
87 78
40 77
17 76
63 75
27 74
3 73
50 72
8 71
20 70
42 69
29 68
53 67
16 66
33 65
89 64
99 63
91 62
14 61
76 60
55 59
24 58
67 57
37 56
69 55
58 54
28 53
98 52
85 51
95 50
73 49
9 48
52 47
78 46
80 45
88 44
97 43
44 42
45 41
5 40
4 39
72 38
23 37
34 36
7 35
93 34
32 33
86 32
62 31
41 30
66 29
26 28
6 27
10 26
25 25
38 24
30 23
57 22
81 21
75 20
65 19
36 18
35 17
96 16
82 15
19 14
92 13
48 12
22 11
18 10
61 9
94 8
31 7
11 6
43 5
68 4
21 3
12 2
49 1
64 0
Failed to find node to remove: leucocytoplania
71 99
83 98
13 97
59 96
54 95
70 94
15 93
39 92
60 91
47 90
84 89
74 88
2 87
51 86
1 85
100 84
46 83
79 82
90 81
56 80
77 79
87 78
40 77
17 76
63 75
27 74
3 73
50 72
8 71
20 70
42 69
29 68
53 67
16 66
33 65
89 64
99 63
91 62
14 61
76 60
55 59
24 58
67 57
37 56
69 55
58 54
28 53
98 52
85 51
95 50
73 49
9 48
52 47
78 46
80 45
88 44
97 43
44 42
45 41
5 40
4 39
72 38
23 37
34 36
7 35
93 34
32 33
86 32
62 31
41 30
66 29
26 28
6 27
10 26
25 25
38 24
30 23
57 22
81 21
75 20
65 19
36 18
35 17
96 16
82 15
19 14
92 13
48 12
22 11
18 10
61 9
94 8
31 7
11 6
43 5
68 4
21 3
12 2
49 1
64 0
Failed to find node to remove: metrophotography
71 99
83 98
13 97
59 96
54 95
70 94
15 93
39 92
60 91
47 90
84 89
74 88
2 87
51 86
1 85
100 84
46 83
79 82
90 81
56 80
77 79
87 78
40 77
17 76
63 75
27 74
3 73
50 72
8 71
20 70
42 69
29 68
53 67
16 66
33 65
89 64
99 63
91 62
14 61
76 60
55 59
24 58
67 57
37 56
69 55
58 54
28 53
98 52
85 51
95 50
73 49
9 48
52 47
78 46
80 45
88 44
97 43
44 42
45 41
5 40
4 39
72 38
23 37
34 36
7 35
93 34
32 33
86 32
62 31
41 30
66 29
26 28
6 27
10 26
25 25
38 24
30 23
57 22
81 21
75 20
65 19
36 18
35 17
96 16
82 15
19 14
92 13
48 12
22 11
18 10
61 9
94 8
31 7
11 6
43 5
68 4
21 3
12 2
49 1
64 0
Failed to find node to remove: anhalouidine
71 99
83 98
13 97
59 96
54 95
70 94
15 93
39 92
60 91
47 90
84 89
74 88
2 87
51 86
1 85
100 84
46 83
79 82
90 81
56 80
77 79
87 78
40 77
17 76
63 75
27 74
3 73
50 72
8 71
20 70
42 69
29 68
53 67
16 66
33 65
89 64
99 63
91 62
14 61
76 60
55 59
24 58
67 57
37 56
69 55
58 54
28 53
98 52
85 51
95 50
73 49
9 48
52 47
78 46
80 45
88 44
97 43
44 42
45 41
5 40
4 39
72 38
23 37
34 36
7 35
93 34
32 33
86 32
62 31
41 30
66 29
26 28
6 27
10 26
25 25
38 24
30 23
57 22
81 21
75 20
65 19
36 18
35 17
96 16
82 15
19 14
92 13
48 12
22 11
18 10
61 9
94 8
31 7
11 6
43 5
68 4
21 3
12 2
49 1
64 0
Failed to find node to remove: droitural
71 99
83 98
13 97
59 96
54 95
70 94
15 93
39 92
60 91
47 90
84 89
74 88
2 87
51 86
1 85
100 84
46 83
79 82
90 81
56 80
77 79
87 78
40 77
17 76
63 75
27 74
3 73
50 72
8 71
20 70
42 69
29 68
53 67
16 66
33 65
89 64
99 63
91 62
14 61
76 60
55 59
24 58
67 57
37 56
69 55
58 54
28 53
98 52
85 51
95 50
73 49
9 48
52 47
78 46
80 45
88 44
97 43
44 42
45 41
5 40
4 39
72 38
23 37
34 36
7 35
93 34
32 33
86 32
62 31
41 30
66 29
26 28
6 27
10 26
25 25
38 24
30 23
57 22
81 21
75 20
65 19
36 18
35 17
96 16
82 15
19 14
92 13
48 12
22 11
18 10
61 9
94 8
31 7
11 6
43 5
68 4
21 3
12 2
49 1
64 0
Failed to find node to remove: humorist
71 99
83 98
13 97
59 96
54 95
70 94
15 93
39 92
60 91
47 90
84 89
74 88
2 87
51 86
1 85
100 84
46 83
79 82
90 81
56 80
77 79
87 78
40 77
17 76
63 75
27 74
3 73
50 72
8 71
20 70
42 69
29 68
53 67
16 66
33 65
89 64
99 63
91 62
14 61
76 60
55 59
24 58
67 57
37 56
69 55
58 54
28 53
98 52
85 51
95 50
73 49
9 48
52 47
78 46
80 45
88 44
97 43
44 42
45 41
5 40
4 39
72 38
23 37
34 36
7 35
93 34
32 33
86 32
62 31
41 30
66 29
26 28
6 27
10 26
25 25
38 24
30 23
57 22
81 21
75 20
65 19
36 18
35 17
96 16
82 15
19 14
92 13
48 12
22 11
18 10
61 9
94 8
31 7
11 6
43 5
68 4
21 3
12 2
49 1
64 0
Failed to find node to remove: dynamogenic
71 99
83 98
13 97
59 96
54 95
70 94
15 93
39 92
60 91
47 90
84 89
74 88
2 87
51 86
1 85
100 84
46 83
79 82
90 81
56 80
77 79
87 78
40 77
17 76
63 75
27 74
3 73
50 72
8 71
20 70
42 69
29 68
53 67
16 66
33 65
89 64
99 63
91 62
14 61
76 60
55 59
24 58
67 57
37 56
69 55
58 54
28 53
98 52
85 51
95 50
73 49
9 48
52 47
78 46
80 45
88 44
97 43
44 42
45 41
5 40
4 39
72 38
23 37
34 36
7 35
93 34
32 33
86 32
62 31
41 30
66 29
26 28
6 27
10 26
25 25
38 24
30 23
57 22
81 21
75 20
65 19
36 18
35 17
96 16
82 15
19 14
92 13
48 12
22 11
18 10
61 9
94 8
31 7
11 6
43 5
68 4
21 3
12 2
49 1
64 0
Failed to find node to remove: recuperation
71 99
83 98
13 97
59 96
54 95
70 94
15 93
39 92
60 91
47 90
84 89
74 88
2 87
51 86
1 85
100 84
46 83
79 82
90 81
56 80
77 79
87 78
40 77
17 76
63 75
27 74
3 73
50 72
8 71
20 70
42 69
29 68
53 67
16 66
33 65
89 64
99 63
91 62
14 61
76 60
55 59
24 58
67 57
37 56
69 55
58 54
28 53
98 52
85 51
95 50
73 49
9 48
52 47
78 46
80 45
88 44
97 43
44 42
45 41
5 40
4 39
72 38
23 37
34 36
7 35
93 34
32 33
86 32
62 31
41 30
66 29
26 28
6 27
10 26
25 25
38 24
30 23
57 22
81 21
75 20
65 19
36 18
35 17
96 16
82 15
19 14
92 13
48 12
22 11
18 10
61 9
94 8
31 7
11 6
43 5
68 4
21 3
12 2
49 1
64 0
Failed to find node to remove: apocynum
71 99
83 98
13 97
59 96
54 95
70 94
15 93
39 92
60 91
47 90
84 89
74 88
2 87
51 86
1 85
100 84
46 83
79 82
90 81
56 80
77 79
87 78
40 77
17 76
63 75
27 74
3 73
50 72
8 71
20 70
42 69
29 68
53 67
16 66
33 65
89 64
99 63
91 62
14 61
76 60
55 59
24 58
67 57
37 56
69 55
58 54
28 53
98 52
85 51
95 50
73 49
9 48
52 47
78 46
80 45
88 44
97 43
44 42
45 41
5 40
4 39
72 38
23 37
34 36
7 35
93 34
32 33
86 32
62 31
41 30
66 29
26 28
6 27
10 26
25 25
38 24
30 23
57 22
81 21
75 20
65 19
36 18
35 17
96 16
82 15
19 14
92 13
48 12
22 11
18 10
61 9
94 8
31 7
11 6
43 5
68 4
21 3
12 2
49 1
64 0
Failed to find node to remove: unforsaken
71 99
83 98
13 97
59 96
54 95
70 94
15 93
39 92
60 91
47 90
84 89
74 88
2 87
51 86
1 85
100 84
46 83
79 82
90 81
56 80
77 79
87 78
40 77
17 76
63 75
27 74
3 73
50 72
8 71
20 70
42 69
29 68
53 67
16 66
33 65
89 64
99 63
91 62
14 61
76 60
55 59
24 58
67 57
37 56
69 55
58 54
28 53
98 52
85 51
95 50
73 49
9 48
52 47
78 46
80 45
88 44
97 43
44 42
45 41
5 40
4 39
72 38
23 37
34 36
7 35
93 34
32 33
86 32
62 31
41 30
66 29
26 28
6 27
10 26
25 25
38 24
30 23
57 22
81 21
75 20
65 19
36 18
35 17
96 16
82 15
19 14
92 13
48 12
22 11
18 10
61 9
94 8
31 7
11 6
43 5
68 4
21 3
12 2
49 1
64 0
Failed to find node to remove: ulotrichaceous
71 99
83 98
13 97
59 96
54 95
70 94
15 93
39 92
60 91
47 90
84 89
74 88
2 87
51 86
1 85
100 84
46 83
79 82
90 81
56 80
77 79
87 78
40 77
17 76
63 75
27 74
3 73
50 72
8 71
20 70
42 69
29 68
53 67
16 66
33 65
89 64
99 63
91 62
14 61
76 60
55 59
24 58
67 57
37 56
69 55
58 54
28 53
98 52
85 51
95 50
73 49
9 48
52 47
78 46
80 45
88 44
97 43
44 42
45 41
5 40
4 39
72 38
23 37
34 36
7 35
93 34
32 33
86 32
62 31
41 30
66 29
26 28
6 27
10 26
25 25
38 24
30 23
57 22
81 21
75 20
65 19
36 18
35 17
96 16
82 15
19 14
92 13
48 12
22 11
18 10
61 9
94 8
31 7
11 6
43 5
68 4
21 3
12 2
49 1
64 0
Failed to find node to remove: autem
71 99
83 98
13 97
59 96
54 95
70 94
15 93
39 92
60 91
47 90
84 89
74 88
2 87
51 86
1 85
100 84
46 83
79 82
90 81
56 80
77 79
87 78
40 77
17 76
63 75
27 74
3 73
50 72
8 71
20 70
42 69
29 68
53 67
16 66
33 65
89 64
99 63
91 62
14 61
76 60
55 59
24 58
67 57
37 56
69 55
58 54
28 53
98 52
85 51
95 50
73 49
9 48
52 47
78 46
80 45
88 44
97 43
44 42
45 41
5 40
4 39
72 38
23 37
34 36
7 35
93 34
32 33
86 32
62 31
41 30
66 29
26 28
6 27
10 26
25 25
38 24
30 23
57 22
81 21
75 20
65 19
36 18
35 17
96 16
82 15
19 14
92 13
48 12
22 11
18 10
61 9
94 8
31 7
11 6
43 5
68 4
21 3
12 2
49 1
64 0
Failed to find node to remove: undevious
71 99
83 98
13 97
59 96
54 95
70 94
15 93
39 92
60 91
47 90
84 89
74 88
2 87
51 86
1 85
100 84
46 83
79 82
90 81
56 80
77 79
87 78
40 77
17 76
63 75
27 74
3 73
50 72
8 71
20 70
42 69
29 68
53 67
16 66
33 65
89 64
99 63
91 62
14 61
76 60
55 59
24 58
67 57
37 56
69 55
58 54
28 53
98 52
85 51
95 50
73 49
9 48
52 47
78 46
80 45
88 44
97 43
44 42
45 41
5 40
4 39
72 38
23 37
34 36
7 35
93 34
32 33
86 32
62 31
41 30
66 29
26 28
6 27
10 26
25 25
38 24
30 23
57 22
81 21
75 20
65 19
36 18
35 17
96 16
82 15
19 14
92 13
48 12
22 11
18 10
61 9
94 8
31 7
11 6
43 5
68 4
21 3
12 2
49 1
64 0
Failed to find node to remove: infraterritorial
71 99
83 98
13 97
59 96
54 95
70 94
15 93
39 92
60 91
47 90
84 89
74 88
2 87
51 86
1 85
100 84
46 83
79 82
90 81
56 80
77 79
87 78
40 77
17 76
63 75
27 74
3 73
50 72
8 71
20 70
42 69
29 68
53 67
16 66
33 65
89 64
99 63
91 62
14 61
76 60
55 59
24 58
67 57
37 56
69 55
58 54
28 53
98 52
85 51
95 50
73 49
9 48
52 47
78 46
80 45
88 44
97 43
44 42
45 41
5 40
4 39
72 38
23 37
34 36
7 35
93 34
32 33
86 32
62 31
41 30
66 29
26 28
6 27
10 26
25 25
38 24
30 23
57 22
81 21
75 20
65 19
36 18
35 17
96 16
82 15
19 14
92 13
48 12
22 11
18 10
61 9
94 8
31 7
11 6
43 5
68 4
21 3
12 2
49 1
64 0
Failed to find node to remove: precontroversy
71 99
83 98
13 97
59 96
54 95
70 94
15 93
39 92
60 91
47 90
84 89
74 88
2 87
51 86
1 85
100 84
46 83
79 82
90 81
56 80
77 79
87 78
40 77
17 76
63 75
27 74
3 73
50 72
8 71
20 70
42 69
29 68
53 67
16 66
33 65
89 64
99 63
91 62
14 61
76 60
55 59
24 58
67 57
37 56
69 55
58 54
28 53
98 52
85 51
95 50
73 49
9 48
52 47
78 46
80 45
88 44
97 43
44 42
45 41
5 40
4 39
72 38
23 37
34 36
7 35
93 34
32 33
86 32
62 31
41 30
66 29
26 28
6 27
10 26
25 25
38 24
30 23
57 22
81 21
75 20
65 19
36 18
35 17
96 16
82 15
19 14
92 13
48 12
22 11
18 10
61 9
94 8
31 7
11 6
43 5
68 4
21 3
12 2
49 1
64 0
Failed to find node to remove: subbourdon
71 99
83 98
13 97
59 96
54 95
70 94
15 93
39 92
60 91
47 90
84 89
74 88
2 87
51 86
1 85
100 84
46 83
79 82
90 81
56 80
77 79
87 78
40 77
17 76
63 75
27 74
3 73
50 72
8 71
20 70
42 69
29 68
53 67
16 66
33 65
89 64
99 63
91 62
14 61
76 60
55 59
24 58
67 57
37 56
69 55
58 54
28 53
98 52
85 51
95 50
73 49
9 48
52 47
78 46
80 45
88 44
97 43
44 42
45 41
5 40
4 39
72 38
23 37
34 36
7 35
93 34
32 33
86 32
62 31
41 30
66 29
26 28
6 27
10 26
25 25
38 24
30 23
57 22
81 21
75 20
65 19
36 18
35 17
96 16
82 15
19 14
92 13
48 12
22 11
18 10
61 9
94 8
31 7
11 6
43 5
68 4
21 3
12 2
49 1
64 0
Failed to find node to remove: viverrine
71 99
83 98
13 97
59 96
54 95
70 94
15 93
39 92
60 91
47 90
84 89
74 88
2 87
51 86
1 85
100 84
46 83
79 82
90 81
56 80
77 79
87 78
40 77
17 76
63 75
27 74
3 73
50 72
8 71
20 70
42 69
29 68
53 67
16 66
33 65
89 64
99 63
91 62
14 61
76 60
55 59
24 58
67 57
37 56
69 55
58 54
28 53
98 52
85 51
95 50
73 49
9 48
52 47
78 46
80 45
88 44
97 43
44 42
45 41
5 40
4 39
72 38
23 37
34 36
7 35
93 34
32 33
86 32
62 31
41 30
66 29
26 28
6 27
10 26
25 25
38 24
30 23
57 22
81 21
75 20
65 19
36 18
35 17
96 16
82 15
19 14
92 13
48 12
22 11
18 10
61 9
94 8
31 7
11 6
43 5
68 4
21 3
12 2
49 1
64 0
Failed to find node to remove: semisucculent
71 99
83 98
13 97
59 96
54 95
70 94
15 93
39 92
60 91
47 90
84 89
74 88
2 87
51 86
1 85
100 84
46 83
79 82
90 81
56 80
77 79
87 78
40 77
17 76
63 75
27 74
3 73
50 72
8 71
20 70
42 69
29 68
53 67
16 66
33 65
89 64
99 63
91 62
14 61
76 60
55 59
24 58
67 57
37 56
69 55
58 54
28 53
98 52
85 51
95 50
73 49
9 48
52 47
78 46
80 45
88 44
97 43
44 42
45 41
5 40
4 39
72 38
23 37
34 36
7 35
93 34
32 33
86 32
62 31
41 30
66 29
26 28
6 27
10 26
25 25
38 24
30 23
57 22
81 21
75 20
65 19
36 18
35 17
96 16
82 15
19 14
92 13
48 12
22 11
18 10
61 9
94 8
31 7
11 6
43 5
68 4
21 3
12 2
49 1
64 0
Failed to find node to remove: clinopodium
71 99
83 98
13 97
59 96
54 95
70 94
15 93
39 92
60 91
47 90
84 89
74 88
2 87
51 86
1 85
100 84
46 83
79 82
90 81
56 80
77 79
87 78
40 77
17 76
63 75
27 74
3 73
50 72
8 71
20 70
42 69
29 68
53 67
16 66
33 65
89 64
99 63
91 62
14 61
76 60
55 59
24 58
67 57
37 56
69 55
58 54
28 53
98 52
85 51
95 50
73 49
9 48
52 47
78 46
80 45
88 44
97 43
44 42
45 41
5 40
4 39
72 38
23 37
34 36
7 35
93 34
32 33
86 32
62 31
41 30
66 29
26 28
6 27
10 26
25 25
38 24
30 23
57 22
81 21
75 20
65 19
36 18
35 17
96 16
82 15
19 14
92 13
48 12
22 11
18 10
61 9
94 8
31 7
11 6
43 5
68 4
21 3
12 2
49 1
64 0
Failed to find node to remove: mycosterol
71 99
83 98
13 97
59 96
54 95
70 94
15 93
39 92
60 91
47 90
84 89
74 88
2 87
51 86
1 85
100 84
46 83
79 82
90 81
56 80
77 79
87 78
40 77
17 76
63 75
27 74
3 73
50 72
8 71
20 70
42 69
29 68
53 67
16 66
33 65
89 64
99 63
91 62
14 61
76 60
55 59
24 58
67 57
37 56
69 55
58 54
28 53
98 52
85 51
95 50
73 49
9 48
52 47
78 46
80 45
88 44
97 43
44 42
45 41
5 40
4 39
72 38
23 37
34 36
7 35
93 34
32 33
86 32
62 31
41 30
66 29
26 28
6 27
10 26
25 25
38 24
30 23
57 22
81 21
75 20
65 19
36 18
35 17
96 16
82 15
19 14
92 13
48 12
22 11
18 10
61 9
94 8
31 7
11 6
43 5
68 4
21 3
12 2
49 1
64 0
Failed to find node to remove: waistcoatless
71 99
83 98
13 97
59 96
54 95
70 94
15 93
39 92
60 91
47 90
84 89
74 88
2 87
51 86
1 85
100 84
46 83
79 82
90 81
56 80
77 79
87 78
40 77
17 76
63 75
27 74
3 73
50 72
8 71
20 70
42 69
29 68
53 67
16 66
33 65
89 64
99 63
91 62
14 61
76 60
55 59
24 58
67 57
37 56
69 55
58 54
28 53
98 52
85 51
95 50
73 49
9 48
52 47
78 46
80 45
88 44
97 43
44 42
45 41
5 40
4 39
72 38
23 37
34 36
7 35
93 34
32 33
86 32
62 31
41 30
66 29
26 28
6 27
10 26
25 25
38 24
30 23
57 22
81 21
75 20
65 19
36 18
35 17
96 16
82 15
19 14
92 13
48 12
22 11
18 10
61 9
94 8
31 7
11 6
43 5
68 4
21 3
12 2
49 1
64 0
Failed to find node to remove: tepal
71 99
83 98
13 97
59 96
54 95
70 94
15 93
39 92
60 91
47 90
84 89
74 88
2 87
51 86
1 85
100 84
46 83
79 82
90 81
56 80
77 79
87 78
40 77
17 76
63 75
27 74
3 73
50 72
8 71
20 70
42 69
29 68
53 67
16 66
33 65
89 64
99 63
91 62
14 61
76 60
55 59
24 58
67 57
37 56
69 55
58 54
28 53
98 52
85 51
95 50
73 49
9 48
52 47
78 46
80 45
88 44
97 43
44 42
45 41
5 40
4 39
72 38
23 37
34 36
7 35
93 34
32 33
86 32
62 31
41 30
66 29
26 28
6 27
10 26
25 25
38 24
30 23
57 22
81 21
75 20
65 19
36 18
35 17
96 16
82 15
19 14
92 13
48 12
22 11
18 10
61 9
94 8
31 7
11 6
43 5
68 4
21 3
12 2
49 1
64 0
Failed to find node to remove: goburra
71 99
83 98
13 97
59 96
54 95
70 94
15 93
39 92
60 91
47 90
84 89
74 88
2 87
51 86
1 85
100 84
46 83
79 82
90 81
56 80
77 79
87 78
40 77
17 76
63 75
27 74
3 73
50 72
8 71
20 70
42 69
29 68
53 67
16 66
33 65
89 64
99 63
91 62
14 61
76 60
55 59
24 58
67 57
37 56
69 55
58 54
28 53
98 52
85 51
95 50
73 49
9 48
52 47
78 46
80 45
88 44
97 43
44 42
45 41
5 40
4 39
72 38
23 37
34 36
7 35
93 34
32 33
86 32
62 31
41 30
66 29
26 28
6 27
10 26
25 25
38 24
30 23
57 22
81 21
75 20
65 19
36 18
35 17
96 16
82 15
19 14
92 13
48 12
22 11
18 10
61 9
94 8
31 7
11 6
43 5
68 4
21 3
12 2
49 1
64 0
Failed to find node to remove: nonaristocratic
71 99
83 98
13 97
59 96
54 95
70 94
15 93
39 92
60 91
47 90
84 89
74 88
2 87
51 86
1 85
100 84
46 83
79 82
90 81
56 80
77 79
87 78
40 77
17 76
63 75
27 74
3 73
50 72
8 71
20 70
42 69
29 68
53 67
16 66
33 65
89 64
99 63
91 62
14 61
76 60
55 59
24 58
67 57
37 56
69 55
58 54
28 53
98 52
85 51
95 50
73 49
9 48
52 47
78 46
80 45
88 44
97 43
44 42
45 41
5 40
4 39
72 38
23 37
34 36
7 35
93 34
32 33
86 32
62 31
41 30
66 29
26 28
6 27
10 26
25 25
38 24
30 23
57 22
81 21
75 20
65 19
36 18
35 17
96 16
82 15
19 14
92 13
48 12
22 11
18 10
61 9
94 8
31 7
11 6
43 5
68 4
21 3
12 2
49 1
64 0
Failed to find node to remove: setoff
71 99
83 98
13 97
59 96
54 95
70 94
15 93
39 92
60 91
47 90
84 89
74 88
2 87
51 86
1 85
100 84
46 83
79 82
90 81
56 80
77 79
87 78
40 77
17 76
63 75
27 74
3 73
50 72
8 71
20 70
42 69
29 68
53 67
16 66
33 65
89 64
99 63
91 62
14 61
76 60
55 59
24 58
67 57
37 56
69 55
58 54
28 53
98 52
85 51
95 50
73 49
9 48
52 47
78 46
80 45
88 44
97 43
44 42
45 41
5 40
4 39
72 38
23 37
34 36
7 35
93 34
32 33
86 32
62 31
41 30
66 29
26 28
6 27
10 26
25 25
38 24
30 23
57 22
81 21
75 20
65 19
36 18
35 17
96 16
82 15
19 14
92 13
48 12
22 11
18 10
61 9
94 8
31 7
11 6
43 5
68 4
21 3
12 2
49 1
64 0
Failed to find node to remove: rebeck
71 99
83 98
13 97
59 96
54 95
70 94
15 93
39 92
60 91
47 90
84 89
74 88
2 87
51 86
1 85
100 84
46 83
79 82
90 81
56 80
77 79
87 78
40 77
17 76
63 75
27 74
3 73
50 72
8 71
20 70
42 69
29 68
53 67
16 66
33 65
89 64
99 63
91 62
14 61
76 60
55 59
24 58
67 57
37 56
69 55
58 54
28 53
98 52
85 51
95 50
73 49
9 48
52 47
78 46
80 45
88 44
97 43
44 42
45 41
5 40
4 39
72 38
23 37
34 36
7 35
93 34
32 33
86 32
62 31
41 30
66 29
26 28
6 27
10 26
25 25
38 24
30 23
57 22
81 21
75 20
65 19
36 18
35 17
96 16
82 15
19 14
92 13
48 12
22 11
18 10
61 9
94 8
31 7
11 6
43 5
68 4
21 3
12 2
49 1
64 0
Failed to find node to remove: cropper
71 99
83 98
13 97
59 96
54 95
70 94
15 93
39 92
60 91
47 90
84 89
74 88
2 87
51 86
1 85
100 84
46 83
79 82
90 81
56 80
77 79
87 78
40 77
17 76
63 75
27 74
3 73
50 72
8 71
20 70
42 69
29 68
53 67
16 66
33 65
89 64
99 63
91 62
14 61
76 60
55 59
24 58
67 57
37 56
69 55
58 54
28 53
98 52
85 51
95 50
73 49
9 48
52 47
78 46
80 45
88 44
97 43
44 42
45 41
5 40
4 39
72 38
23 37
34 36
7 35
93 34
32 33
86 32
62 31
41 30
66 29
26 28
6 27
10 26
25 25
38 24
30 23
57 22
81 21
75 20
65 19
36 18
35 17
96 16
82 15
19 14
92 13
48 12
22 11
18 10
61 9
94 8
31 7
11 6
43 5
68 4
21 3
12 2
49 1
64 0
Failed to find node to remove: isatic
71 99
83 98
13 97
59 96
54 95
70 94
15 93
39 92
60 91
47 90
84 89
74 88
2 87
51 86
1 85
100 84
46 83
79 82
90 81
56 80
77 79
87 78
40 77
17 76
63 75
27 74
3 73
50 72
8 71
20 70
42 69
29 68
53 67
16 66
33 65
89 64
99 63
91 62
14 61
76 60
55 59
24 58
67 57
37 56
69 55
58 54
28 53
98 52
85 51
95 50
73 49
9 48
52 47
78 46
80 45
88 44
97 43
44 42
45 41
5 40
4 39
72 38
23 37
34 36
7 35
93 34
32 33
86 32
62 31
41 30
66 29
26 28
6 27
10 26
25 25
38 24
30 23
57 22
81 21
75 20
65 19
36 18
35 17
96 16
82 15
19 14
92 13
48 12
22 11
18 10
61 9
94 8
31 7
11 6
43 5
68 4
21 3
12 2
49 1
64 0
Failed to find node to remove: uglification
71 99
83 98
13 97
59 96
54 95
70 94
15 93
39 92
60 91
47 90
84 89
74 88
2 87
51 86
1 85
100 84
46 83
79 82
90 81
56 80
77 79
87 78
40 77
17 76
63 75
27 74
3 73
50 72
8 71
20 70
42 69
29 68
53 67
16 66
33 65
89 64
99 63
91 62
14 61
76 60
55 59
24 58
67 57
37 56
69 55
58 54
28 53
98 52
85 51
95 50
73 49
9 48
52 47
78 46
80 45
88 44
97 43
44 42
45 41
5 40
4 39
72 38
23 37
34 36
7 35
93 34
32 33
86 32
62 31
41 30
66 29
26 28
6 27
10 26
25 25
38 24
30 23
57 22
81 21
75 20
65 19
36 18
35 17
96 16
82 15
19 14
92 13
48 12
22 11
18 10
61 9
94 8
31 7
11 6
43 5
68 4
21 3
12 2
49 1
64 0
Failed to find node to remove: salva
71 99
83 98
13 97
59 96
54 95
70 94
15 93
39 92
60 91
47 90
84 89
74 88
2 87
51 86
1 85
100 84
46 83
79 82
90 81
56 80
77 79
87 78
40 77
17 76
63 75
27 74
3 73
50 72
8 71
20 70
42 69
29 68
53 67
16 66
33 65
89 64
99 63
91 62
14 61
76 60
55 59
24 58
67 57
37 56
69 55
58 54
28 53
98 52
85 51
95 50
73 49
9 48
52 47
78 46
80 45
88 44
97 43
44 42
45 41
5 40
4 39
72 38
23 37
34 36
7 35
93 34
32 33
86 32
62 31
41 30
66 29
26 28
6 27
10 26
25 25
38 24
30 23
57 22
81 21
75 20
65 19
36 18
35 17
96 16
82 15
19 14
92 13
48 12
22 11
18 10
61 9
94 8
31 7
11 6
43 5
68 4
21 3
12 2
49 1
64 0
Failed to find node to remove: mastigophora
71 99
83 98
13 97
59 96
54 95
70 94
15 93
39 92
60 91
47 90
84 89
74 88
2 87
51 86
1 85
100 84
46 83
79 82
90 81
56 80
77 79
87 78
40 77
17 76
63 75
27 74
3 73
50 72
8 71
20 70
42 69
29 68
53 67
16 66
33 65
89 64
99 63
91 62
14 61
76 60
55 59
24 58
67 57
37 56
69 55
58 54
28 53
98 52
85 51
95 50
73 49
9 48
52 47
78 46
80 45
88 44
97 43
44 42
45 41
5 40
4 39
72 38
23 37
34 36
7 35
93 34
32 33
86 32
62 31
41 30
66 29
26 28
6 27
10 26
25 25
38 24
30 23
57 22
81 21
75 20
65 19
36 18
35 17
96 16
82 15
19 14
92 13
48 12
22 11
18 10
61 9
94 8
31 7
11 6
43 5
68 4
21 3
12 2
49 1
64 0
Failed to find node to remove: catechismal
71 99
83 98
13 97
59 96
54 95
70 94
15 93
39 92
60 91
47 90
84 89
74 88
2 87
51 86
1 85
100 84
46 83
79 82
90 81
56 80
77 79
87 78
40 77
17 76
63 75
27 74
3 73
50 72
8 71
20 70
42 69
29 68
53 67
16 66
33 65
89 64
99 63
91 62
14 61
76 60
55 59
24 58
67 57
37 56
69 55
58 54
28 53
98 52
85 51
95 50
73 49
9 48
52 47
78 46
80 45
88 44
97 43
44 42
45 41
5 40
4 39
72 38
23 37
34 36
7 35
93 34
32 33
86 32
62 31
41 30
66 29
26 28
6 27
10 26
25 25
38 24
30 23
57 22
81 21
75 20
65 19
36 18
35 17
96 16
82 15
19 14
92 13
48 12
22 11
18 10
61 9
94 8
31 7
11 6
43 5
68 4
21 3
12 2
49 1
64 0
Failed to find node to remove: securifera
71 99
83 98
13 97
59 96
54 95
70 94
15 93
39 92
60 91
47 90
84 89
74 88
2 87
51 86
1 85
100 84
46 83
79 82
90 81
56 80
77 79
87 78
40 77
17 76
63 75
27 74
3 73
50 72
8 71
20 70
42 69
29 68
53 67
16 66
33 65
89 64
99 63
91 62
14 61
76 60
55 59
24 58
67 57
37 56
69 55
58 54
28 53
98 52
85 51
95 50
73 49
9 48
52 47
78 46
80 45
88 44
97 43
44 42
45 41
5 40
4 39
72 38
23 37
34 36
7 35
93 34
32 33
86 32
62 31
41 30
66 29
26 28
6 27
10 26
25 25
38 24
30 23
57 22
81 21
75 20
65 19
36 18
35 17
96 16
82 15
19 14
92 13
48 12
22 11
18 10
61 9
94 8
31 7
11 6
43 5
68 4
21 3
12 2
49 1
64 0
Failed to find node to remove: em
71 99
83 98
13 97
59 96
54 95
70 94
15 93
39 92
60 91
47 90
84 89
74 88
2 87
51 86
1 85
100 84
46 83
79 82
90 81
56 80
77 79
87 78
40 77
17 76
63 75
27 74
3 73
50 72
8 71
20 70
42 69
29 68
53 67
16 66
33 65
89 64
99 63
91 62
14 61
76 60
55 59
24 58
67 57
37 56
69 55
58 54
28 53
98 52
85 51
95 50
73 49
9 48
52 47
78 46
80 45
88 44
97 43
44 42
45 41
5 40
4 39
72 38
23 37
34 36
7 35
93 34
32 33
86 32
62 31
41 30
66 29
26 28
6 27
10 26
25 25
38 24
30 23
57 22
81 21
75 20
65 19
36 18
35 17
96 16
82 15
19 14
92 13
48 12
22 11
18 10
61 9
94 8
31 7
11 6
43 5
68 4
21 3
12 2
49 1
64 0
Failed to find node to remove: pneumonolith
71 99
83 98
13 97
59 96
54 95
70 94
15 93
39 92
60 91
47 90
84 89
74 88
2 87
51 86
1 85
100 84
46 83
79 82
90 81
56 80
77 79
87 78
40 77
17 76
63 75
27 74
3 73
50 72
8 71
20 70
42 69
29 68
53 67
16 66
33 65
89 64
99 63
91 62
14 61
76 60
55 59
24 58
67 57
37 56
69 55
58 54
28 53
98 52
85 51
95 50
73 49
9 48
52 47
78 46
80 45
88 44
97 43
44 42
45 41
5 40
4 39
72 38
23 37
34 36
7 35
93 34
32 33
86 32
62 31
41 30
66 29
26 28
6 27
10 26
25 25
38 24
30 23
57 22
81 21
75 20
65 19
36 18
35 17
96 16
82 15
19 14
92 13
48 12
22 11
18 10
61 9
94 8
31 7
11 6
43 5
68 4
21 3
12 2
49 1
64 0
Failed to find node to remove: suspensation
71 99
83 98
13 97
59 96
54 95
70 94
15 93
39 92
60 91
47 90
84 89
74 88
2 87
51 86
1 85
100 84
46 83
79 82
90 81
56 80
77 79
87 78
40 77
17 76
63 75
27 74
3 73
50 72
8 71
20 70
42 69
29 68
53 67
16 66
33 65
89 64
99 63
91 62
14 61
76 60
55 59
24 58
67 57
37 56
69 55
58 54
28 53
98 52
85 51
95 50
73 49
9 48
52 47
78 46
80 45
88 44
97 43
44 42
45 41
5 40
4 39
72 38
23 37
34 36
7 35
93 34
32 33
86 32
62 31
41 30
66 29
26 28
6 27
10 26
25 25
38 24
30 23
57 22
81 21
75 20
65 19
36 18
35 17
96 16
82 15
19 14
92 13
48 12
22 11
18 10
61 9
94 8
31 7
11 6
43 5
68 4
21 3
12 2
49 1
64 0
Failed to find node to remove: surplusage
71 99
83 98
13 97
59 96
54 95
70 94
15 93
39 92
60 91
47 90
84 89
74 88
2 87
51 86
1 85
100 84
46 83
79 82
90 81
56 80
77 79
87 78
40 77
17 76
63 75
27 74
3 73
50 72
8 71
20 70
42 69
29 68
53 67
16 66
33 65
89 64
99 63
91 62
14 61
76 60
55 59
24 58
67 57
37 56
69 55
58 54
28 53
98 52
85 51
95 50
73 49
9 48
52 47
78 46
80 45
88 44
97 43
44 42
45 41
5 40
4 39
72 38
23 37
34 36
7 35
93 34
32 33
86 32
62 31
41 30
66 29
26 28
6 27
10 26
25 25
38 24
30 23
57 22
81 21
75 20
65 19
36 18
35 17
96 16
82 15
19 14
92 13
48 12
22 11
18 10
61 9
94 8
31 7
11 6
43 5
68 4
21 3
12 2
49 1
64 0
Failed to find node to remove: nonperiodical
71 99
83 98
13 97
59 96
54 95
70 94
15 93
39 92
60 91
47 90
84 89
74 88
2 87
51 86
1 85
100 84
46 83
79 82
90 81
56 80
77 79
87 78
40 77
17 76
63 75
27 74
3 73
50 72
8 71
20 70
42 69
29 68
53 67
16 66
33 65
89 64
99 63
91 62
14 61
76 60
55 59
24 58
67 57
37 56
69 55
58 54
28 53
98 52
85 51
95 50
73 49
9 48
52 47
78 46
80 45
88 44
97 43
44 42
45 41
5 40
4 39
72 38
23 37
34 36
7 35
93 34
32 33
86 32
62 31
41 30
66 29
26 28
6 27
10 26
25 25
38 24
30 23
57 22
81 21
75 20
65 19
36 18
35 17
96 16
82 15
19 14
92 13
48 12
22 11
18 10
61 9
94 8
31 7
11 6
43 5
68 4
21 3
12 2
49 1
64 0
Failed to find node to remove: each
71 99
83 98
13 97
59 96
54 95
70 94
15 93
39 92
60 91
47 90
84 89
74 88
2 87
51 86
1 85
100 84
46 83
79 82
90 81
56 80
77 79
87 78
40 77
17 76
63 75
27 74
3 73
50 72
8 71
20 70
42 69
29 68
53 67
16 66
33 65
89 64
99 63
91 62
14 61
76 60
55 59
24 58
67 57
37 56
69 55
58 54
28 53
98 52
85 51
95 50
73 49
9 48
52 47
78 46
80 45
88 44
97 43
44 42
45 41
5 40
4 39
72 38
23 37
34 36
7 35
93 34
32 33
86 32
62 31
41 30
66 29
26 28
6 27
10 26
25 25
38 24
30 23
57 22
81 21
75 20
65 19
36 18
35 17
96 16
82 15
19 14
92 13
48 12
22 11
18 10
61 9
94 8
31 7
11 6
43 5
68 4
21 3
12 2
49 1
64 0
Failed to find node to remove: guildic
71 99
83 98
13 97
59 96
54 95
70 94
15 93
39 92
60 91
47 90
84 89
74 88
2 87
51 86
1 85
100 84
46 83
79 82
90 81
56 80
77 79
87 78
40 77
17 76
63 75
27 74
3 73
50 72
8 71
20 70
42 69
29 68
53 67
16 66
33 65
89 64
99 63
91 62
14 61
76 60
55 59
24 58
67 57
37 56
69 55
58 54
28 53
98 52
85 51
95 50
73 49
9 48
52 47
78 46
80 45
88 44
97 43
44 42
45 41
5 40
4 39
72 38
23 37
34 36
7 35
93 34
32 33
86 32
62 31
41 30
66 29
26 28
6 27
10 26
25 25
38 24
30 23
57 22
81 21
75 20
65 19
36 18
35 17
96 16
82 15
19 14
92 13
48 12
22 11
18 10
61 9
94 8
31 7
11 6
43 5
68 4
21 3
12 2
49 1
64 0
Failed to find node to remove: untyrannical
71 99
83 98
13 97
59 96
54 95
70 94
15 93
39 92
60 91
47 90
84 89
74 88
2 87
51 86
1 85
100 84
46 83
79 82
90 81
56 80
77 79
87 78
40 77
17 76
63 75
27 74
3 73
50 72
8 71
20 70
42 69
29 68
53 67
16 66
33 65
89 64
99 63
91 62
14 61
76 60
55 59
24 58
67 57
37 56
69 55
58 54
28 53
98 52
85 51
95 50
73 49
9 48
52 47
78 46
80 45
88 44
97 43
44 42
45 41
5 40
4 39
72 38
23 37
34 36
7 35
93 34
32 33
86 32
62 31
41 30
66 29
26 28
6 27
10 26
25 25
38 24
30 23
57 22
81 21
75 20
65 19
36 18
35 17
96 16
82 15
19 14
92 13
48 12
22 11
18 10
61 9
94 8
31 7
11 6
43 5
68 4
21 3
12 2
49 1
64 0
Failed to find node to remove: nontestamentary
71 99
83 98
13 97
59 96
54 95
70 94
15 93
39 92
60 91
47 90
84 89
74 88
2 87
51 86
1 85
100 84
46 83
79 82
90 81
56 80
77 79
87 78
40 77
17 76
63 75
27 74
3 73
50 72
8 71
20 70
42 69
29 68
53 67
16 66
33 65
89 64
99 63
91 62
14 61
76 60
55 59
24 58
67 57
37 56
69 55
58 54
28 53
98 52
85 51
95 50
73 49
9 48
52 47
78 46
80 45
88 44
97 43
44 42
45 41
5 40
4 39
72 38
23 37
34 36
7 35
93 34
32 33
86 32
62 31
41 30
66 29
26 28
6 27
10 26
25 25
38 24
30 23
57 22
81 21
75 20
65 19
36 18
35 17
96 16
82 15
19 14
92 13
48 12
22 11
18 10
61 9
94 8
31 7
11 6
43 5
68 4
21 3
12 2
49 1
64 0
Failed to find node to remove: dewclawed
71 99
83 98
13 97
59 96
54 95
70 94
15 93
39 92
60 91
47 90
84 89
74 88
2 87
51 86
1 85
100 84
46 83
79 82
90 81
56 80
77 79
87 78
40 77
17 76
63 75
27 74
3 73
50 72
8 71
20 70
42 69
29 68
53 67
16 66
33 65
89 64
99 63
91 62
14 61
76 60
55 59
24 58
67 57
37 56
69 55
58 54
28 53
98 52
85 51
95 50
73 49
9 48
52 47
78 46
80 45
88 44
97 43
44 42
45 41
5 40
4 39
72 38
23 37
34 36
7 35
93 34
32 33
86 32
62 31
41 30
66 29
26 28
6 27
10 26
25 25
38 24
30 23
57 22
81 21
75 20
65 19
36 18
35 17
96 16
82 15
19 14
92 13
48 12
22 11
18 10
61 9
94 8
31 7
11 6
43 5
68 4
21 3
12 2
49 1
64 0
Failed to find node to remove: taloned
71 99
83 98
13 97
59 96
54 95
70 94
15 93
39 92
60 91
47 90
84 89
74 88
2 87
51 86
1 85
100 84
46 83
79 82
90 81
56 80
77 79
87 78
40 77
17 76
63 75
27 74
3 73
50 72
8 71
20 70
42 69
29 68
53 67
16 66
33 65
89 64
99 63
91 62
14 61
76 60
55 59
24 58
67 57
37 56
69 55
58 54
28 53
98 52
85 51
95 50
73 49
9 48
52 47
78 46
80 45
88 44
97 43
44 42
45 41
5 40
4 39
72 38
23 37
34 36
7 35
93 34
32 33
86 32
62 31
41 30
66 29
26 28
6 27
10 26
25 25
38 24
30 23
57 22
81 21
75 20
65 19
36 18
35 17
96 16
82 15
19 14
92 13
48 12
22 11
18 10
61 9
94 8
31 7
11 6
43 5
68 4
21 3
12 2
49 1
64 0
Failed to find node to remove: pyrocatechuic
71 99
83 98
13 97
59 96
54 95
70 94
15 93
39 92
60 91
47 90
84 89
74 88
2 87
51 86
1 85
100 84
46 83
79 82
90 81
56 80
77 79
87 78
40 77
17 76
63 75
27 74
3 73
50 72
8 71
20 70
42 69
29 68
53 67
16 66
33 65
89 64
99 63
91 62
14 61
76 60
55 59
24 58
67 57
37 56
69 55
58 54
28 53
98 52
85 51
95 50
73 49
9 48
52 47
78 46
80 45
88 44
97 43
44 42
45 41
5 40
4 39
72 38
23 37
34 36
7 35
93 34
32 33
86 32
62 31
41 30
66 29
26 28
6 27
10 26
25 25
38 24
30 23
57 22
81 21
75 20
65 19
36 18
35 17
96 16
82 15
19 14
92 13
48 12
22 11
18 10
61 9
94 8
31 7
11 6
43 5
68 4
21 3
12 2
49 1
64 0
Failed to find node to remove: specificative
71 99
83 98
13 97
59 96
54 95
70 94
15 93
39 92
60 91
47 90
84 89
74 88
2 87
51 86
1 85
100 84
46 83
79 82
90 81
56 80
77 79
87 78
40 77
17 76
63 75
27 74
3 73
50 72
8 71
20 70
42 69
29 68
53 67
16 66
33 65
89 64
99 63
91 62
14 61
76 60
55 59
24 58
67 57
37 56
69 55
58 54
28 53
98 52
85 51
95 50
73 49
9 48
52 47
78 46
80 45
88 44
97 43
44 42
45 41
5 40
4 39
72 38
23 37
34 36
7 35
93 34
32 33
86 32
62 31
41 30
66 29
26 28
6 27
10 26
25 25
38 24
30 23
57 22
81 21
75 20
65 19
36 18
35 17
96 16
82 15
19 14
92 13
48 12
22 11
18 10
61 9
94 8
31 7
11 6
43 5
68 4
21 3
12 2
49 1
64 0
Failed to find node to remove: iodate
71 99
83 98
13 97
59 96
54 95
70 94
15 93
39 92
60 91
47 90
84 89
74 88
2 87
51 86
1 85
100 84
46 83
79 82
90 81
56 80
77 79
87 78
40 77
17 76
63 75
27 74
3 73
50 72
8 71
20 70
42 69
29 68
53 67
16 66
33 65
89 64
99 63
91 62
14 61
76 60
55 59
24 58
67 57
37 56
69 55
58 54
28 53
98 52
85 51
95 50
73 49
9 48
52 47
78 46
80 45
88 44
97 43
44 42
45 41
5 40
4 39
72 38
23 37
34 36
7 35
93 34
32 33
86 32
62 31
41 30
66 29
26 28
6 27
10 26
25 25
38 24
30 23
57 22
81 21
75 20
65 19
36 18
35 17
96 16
82 15
19 14
92 13
48 12
22 11
18 10
61 9
94 8
31 7
11 6
43 5
68 4
21 3
12 2
49 1
64 0
Failed to find node to remove: clarin
71 99
83 98
13 97
59 96
54 95
70 94
15 93
39 92
60 91
47 90
84 89
74 88
2 87
51 86
1 85
100 84
46 83
79 82
90 81
56 80
77 79
87 78
40 77
17 76
63 75
27 74
3 73
50 72
8 71
20 70
42 69
29 68
53 67
16 66
33 65
89 64
99 63
91 62
14 61
76 60
55 59
24 58
67 57
37 56
69 55
58 54
28 53
98 52
85 51
95 50
73 49
9 48
52 47
78 46
80 45
88 44
97 43
44 42
45 41
5 40
4 39
72 38
23 37
34 36
7 35
93 34
32 33
86 32
62 31
41 30
66 29
26 28
6 27
10 26
25 25
38 24
30 23
57 22
81 21
75 20
65 19
36 18
35 17
96 16
82 15
19 14
92 13
48 12
22 11
18 10
61 9
94 8
31 7
11 6
43 5
68 4
21 3
12 2
49 1
64 0
Failed to find node to remove: vagueness
71 99
83 98
13 97
59 96
54 95
70 94
15 93
39 92
60 91
47 90
84 89
74 88
2 87
51 86
1 85
100 84
46 83
79 82
90 81
56 80
77 79
87 78
40 77
17 76
63 75
27 74
3 73
50 72
8 71
20 70
42 69
29 68
53 67
16 66
33 65
89 64
99 63
91 62
14 61
76 60
55 59
24 58
67 57
37 56
69 55
58 54
28 53
98 52
85 51
95 50
73 49
9 48
52 47
78 46
80 45
88 44
97 43
44 42
45 41
5 40
4 39
72 38
23 37
34 36
7 35
93 34
32 33
86 32
62 31
41 30
66 29
26 28
6 27
10 26
25 25
38 24
30 23
57 22
81 21
75 20
65 19
36 18
35 17
96 16
82 15
19 14
92 13
48 12
22 11
18 10
61 9
94 8
31 7
11 6
43 5
68 4
21 3
12 2
49 1
64 0
Failed to find node to remove: subplantigrade
71 99
83 98
13 97
59 96
54 95
70 94
15 93
39 92
60 91
47 90
84 89
74 88
2 87
51 86
1 85
100 84
46 83
79 82
90 81
56 80
77 79
87 78
40 77
17 76
63 75
27 74
3 73
50 72
8 71
20 70
42 69
29 68
53 67
16 66
33 65
89 64
99 63
91 62
14 61
76 60
55 59
24 58
67 57
37 56
69 55
58 54
28 53
98 52
85 51
95 50
73 49
9 48
52 47
78 46
80 45
88 44
97 43
44 42
45 41
5 40
4 39
72 38
23 37
34 36
7 35
93 34
32 33
86 32
62 31
41 30
66 29
26 28
6 27
10 26
25 25
38 24
30 23
57 22
81 21
75 20
65 19
36 18
35 17
96 16
82 15
19 14
92 13
48 12
22 11
18 10
61 9
94 8
31 7
11 6
43 5
68 4
21 3
12 2
49 1
64 0
Failed to find node to remove: monochromatism
71 99
83 98
13 97
59 96
54 95
70 94
15 93
39 92
60 91
47 90
84 89
74 88
2 87
51 86
1 85
100 84
46 83
79 82
90 81
56 80
77 79
87 78
40 77
17 76
63 75
27 74
3 73
50 72
8 71
20 70
42 69
29 68
53 67
16 66
33 65
89 64
99 63
91 62
14 61
76 60
55 59
24 58
67 57
37 56
69 55
58 54
28 53
98 52
85 51
95 50
73 49
9 48
52 47
78 46
80 45
88 44
97 43
44 42
45 41
5 40
4 39
72 38
23 37
34 36
7 35
93 34
32 33
86 32
62 31
41 30
66 29
26 28
6 27
10 26
25 25
38 24
30 23
57 22
81 21
75 20
65 19
36 18
35 17
96 16
82 15
19 14
92 13
48 12
22 11
18 10
61 9
94 8
31 7
11 6
43 5
68 4
21 3
12 2
49 1
64 0
Failed to find node to remove: hypodermal
71 99
83 98
13 97
59 96
54 95
70 94
15 93
39 92
60 91
47 90
84 89
74 88
2 87
51 86
1 85
100 84
46 83
79 82
90 81
56 80
77 79
87 78
40 77
17 76
63 75
27 74
3 73
50 72
8 71
20 70
42 69
29 68
53 67
16 66
33 65
89 64
99 63
91 62
14 61
76 60
55 59
24 58
67 57
37 56
69 55
58 54
28 53
98 52
85 51
95 50
73 49
9 48
52 47
78 46
80 45
88 44
97 43
44 42
45 41
5 40
4 39
72 38
23 37
34 36
7 35
93 34
32 33
86 32
62 31
41 30
66 29
26 28
6 27
10 26
25 25
38 24
30 23
57 22
81 21
75 20
65 19
36 18
35 17
96 16
82 15
19 14
92 13
48 12
22 11
18 10
61 9
94 8
31 7
11 6
43 5
68 4
21 3
12 2
49 1
64 0
Failed to find node to remove: autoinfection
71 99
83 98
13 97
59 96
54 95
70 94
15 93
39 92
60 91
47 90
84 89
74 88
2 87
51 86
1 85
100 84
46 83
79 82
90 81
56 80
77 79
87 78
40 77
17 76
63 75
27 74
3 73
50 72
8 71
20 70
42 69
29 68
53 67
16 66
33 65
89 64
99 63
91 62
14 61
76 60
55 59
24 58
67 57
37 56
69 55
58 54
28 53
98 52
85 51
95 50
73 49
9 48
52 47
78 46
80 45
88 44
97 43
44 42
45 41
5 40
4 39
72 38
23 37
34 36
7 35
93 34
32 33
86 32
62 31
41 30
66 29
26 28
6 27
10 26
25 25
38 24
30 23
57 22
81 21
75 20
65 19
36 18
35 17
96 16
82 15
19 14
92 13
48 12
22 11
18 10
61 9
94 8
31 7
11 6
43 5
68 4
21 3
12 2
49 1
64 0
Failed to find node to remove: moneybag
71 99
83 98
13 97
59 96
54 95
70 94
15 93
39 92
60 91
47 90
84 89
74 88
2 87
51 86
1 85
100 84
46 83
79 82
90 81
56 80
77 79
87 78
40 77
17 76
63 75
27 74
3 73
50 72
8 71
20 70
42 69
29 68
53 67
16 66
33 65
89 64
99 63
91 62
14 61
76 60
55 59
24 58
67 57
37 56
69 55
58 54
28 53
98 52
85 51
95 50
73 49
9 48
52 47
78 46
80 45
88 44
97 43
44 42
45 41
5 40
4 39
72 38
23 37
34 36
7 35
93 34
32 33
86 32
62 31
41 30
66 29
26 28
6 27
10 26
25 25
38 24
30 23
57 22
81 21
75 20
65 19
36 18
35 17
96 16
82 15
19 14
92 13
48 12
22 11
18 10
61 9
94 8
31 7
11 6
43 5
68 4
21 3
12 2
49 1
64 0
Failed to find node to remove: pneumohydrothorax
71 99
83 98
13 97
59 96
54 95
70 94
15 93
39 92
60 91
47 90
84 89
74 88
2 87
51 86
1 85
100 84
46 83
79 82
90 81
56 80
77 79
87 78
40 77
17 76
63 75
27 74
3 73
50 72
8 71
20 70
42 69
29 68
53 67
16 66
33 65
89 64
99 63
91 62
14 61
76 60
55 59
24 58
67 57
37 56
69 55
58 54
28 53
98 52
85 51
95 50
73 49
9 48
52 47
78 46
80 45
88 44
97 43
44 42
45 41
5 40
4 39
72 38
23 37
34 36
7 35
93 34
32 33
86 32
62 31
41 30
66 29
26 28
6 27
10 26
25 25
38 24
30 23
57 22
81 21
75 20
65 19
36 18
35 17
96 16
82 15
19 14
92 13
48 12
22 11
18 10
61 9
94 8
31 7
11 6
43 5
68 4
21 3
12 2
49 1
64 0
Failed to find node to remove: unexemplifiable
71 99
83 98
13 97
59 96
54 95
70 94
15 93
39 92
60 91
47 90
84 89
74 88
2 87
51 86
1 85
100 84
46 83
79 82
90 81
56 80
77 79
87 78
40 77
17 76
63 75
27 74
3 73
50 72
8 71
20 70
42 69
29 68
53 67
16 66
33 65
89 64
99 63
91 62
14 61
76 60
55 59
24 58
67 57
37 56
69 55
58 54
28 53
98 52
85 51
95 50
73 49
9 48
52 47
78 46
80 45
88 44
97 43
44 42
45 41
5 40
4 39
72 38
23 37
34 36
7 35
93 34
32 33
86 32
62 31
41 30
66 29
26 28
6 27
10 26
25 25
38 24
30 23
57 22
81 21
75 20
65 19
36 18
35 17
96 16
82 15
19 14
92 13
48 12
22 11
18 10
61 9
94 8
31 7
11 6
43 5
68 4
21 3
12 2
49 1
64 0
Failed to find node to remove: mouillation
71 99
83 98
13 97
59 96
54 95
70 94
15 93
39 92
60 91
47 90
84 89
74 88
2 87
51 86
1 85
100 84
46 83
79 82
90 81
56 80
77 79
87 78
40 77
17 76
63 75
27 74
3 73
50 72
8 71
20 70
42 69
29 68
53 67
16 66
33 65
89 64
99 63
91 62
14 61
76 60
55 59
24 58
67 57
37 56
69 55
58 54
28 53
98 52
85 51
95 50
73 49
9 48
52 47
78 46
80 45
88 44
97 43
44 42
45 41
5 40
4 39
72 38
23 37
34 36
7 35
93 34
32 33
86 32
62 31
41 30
66 29
26 28
6 27
10 26
25 25
38 24
30 23
57 22
81 21
75 20
65 19
36 18
35 17
96 16
82 15
19 14
92 13
48 12
22 11
18 10
61 9
94 8
31 7
11 6
43 5
68 4
21 3
12 2
49 1
64 0
Failed to find node to remove: applotment
71 99
83 98
13 97
59 96
54 95
70 94
15 93
39 92
60 91
47 90
84 89
74 88
2 87
51 86
1 85
100 84
46 83
79 82
90 81
56 80
77 79
87 78
40 77
17 76
63 75
27 74
3 73
50 72
8 71
20 70
42 69
29 68
53 67
16 66
33 65
89 64
99 63
91 62
14 61
76 60
55 59
24 58
67 57
37 56
69 55
58 54
28 53
98 52
85 51
95 50
73 49
9 48
52 47
78 46
80 45
88 44
97 43
44 42
45 41
5 40
4 39
72 38
23 37
34 36
7 35
93 34
32 33
86 32
62 31
41 30
66 29
26 28
6 27
10 26
25 25
38 24
30 23
57 22
81 21
75 20
65 19
36 18
35 17
96 16
82 15
19 14
92 13
48 12
22 11
18 10
61 9
94 8
31 7
11 6
43 5
68 4
21 3
12 2
49 1
64 0
Failed to find node to remove: gulp
71 99
83 98
13 97
59 96
54 95
70 94
15 93
39 92
60 91
47 90
84 89
74 88
2 87
51 86
1 85
100 84
46 83
79 82
90 81
56 80
77 79
87 78
40 77
17 76
63 75
27 74
3 73
50 72
8 71
20 70
42 69
29 68
53 67
16 66
33 65
89 64
99 63
91 62
14 61
76 60
55 59
24 58
67 57
37 56
69 55
58 54
28 53
98 52
85 51
95 50
73 49
9 48
52 47
78 46
80 45
88 44
97 43
44 42
45 41
5 40
4 39
72 38
23 37
34 36
7 35
93 34
32 33
86 32
62 31
41 30
66 29
26 28
6 27
10 26
25 25
38 24
30 23
57 22
81 21
75 20
65 19
36 18
35 17
96 16
82 15
19 14
92 13
48 12
22 11
18 10
61 9
94 8
31 7
11 6
43 5
68 4
21 3
12 2
49 1
64 0
Failed to find node to remove: blindfolded
71 99
83 98
13 97
59 96
54 95
70 94
15 93
39 92
60 91
47 90
84 89
74 88
2 87
51 86
1 85
100 84
46 83
79 82
90 81
56 80
77 79
87 78
40 77
17 76
63 75
27 74
3 73
50 72
8 71
20 70
42 69
29 68
53 67
16 66
33 65
89 64
99 63
91 62
14 61
76 60
55 59
24 58
67 57
37 56
69 55
58 54
28 53
98 52
85 51
95 50
73 49
9 48
52 47
78 46
80 45
88 44
97 43
44 42
45 41
5 40
4 39
72 38
23 37
34 36
7 35
93 34
32 33
86 32
62 31
41 30
66 29
26 28
6 27
10 26
25 25
38 24
30 23
57 22
81 21
75 20
65 19
36 18
35 17
96 16
82 15
19 14
92 13
48 12
22 11
18 10
61 9
94 8
31 7
11 6
43 5
68 4
21 3
12 2
49 1
64 0
Failed to find node to remove: sadism
71 99
83 98
13 97
59 96
54 95
70 94
15 93
39 92
60 91
47 90
84 89
74 88
2 87
51 86
1 85
100 84
46 83
79 82
90 81
56 80
77 79
87 78
40 77
17 76
63 75
27 74
3 73
50 72
8 71
20 70
42 69
29 68
53 67
16 66
33 65
89 64
99 63
91 62
14 61
76 60
55 59
24 58
67 57
37 56
69 55
58 54
28 53
98 52
85 51
95 50
73 49
9 48
52 47
78 46
80 45
88 44
97 43
44 42
45 41
5 40
4 39
72 38
23 37
34 36
7 35
93 34
32 33
86 32
62 31
41 30
66 29
26 28
6 27
10 26
25 25
38 24
30 23
57 22
81 21
75 20
65 19
36 18
35 17
96 16
82 15
19 14
92 13
48 12
22 11
18 10
61 9
94 8
31 7
11 6
43 5
68 4
21 3
12 2
49 1
64 0
Failed to find node to remove: ophism
71 99
83 98
13 97
59 96
54 95
70 94
15 93
39 92
60 91
47 90
84 89
74 88
2 87
51 86
1 85
100 84
46 83
79 82
90 81
56 80
77 79
87 78
40 77
17 76
63 75
27 74
3 73
50 72
8 71
20 70
42 69
29 68
53 67
16 66
33 65
89 64
99 63
91 62
14 61
76 60
55 59
24 58
67 57
37 56
69 55
58 54
28 53
98 52
85 51
95 50
73 49
9 48
52 47
78 46
80 45
88 44
97 43
44 42
45 41
5 40
4 39
72 38
23 37
34 36
7 35
93 34
32 33
86 32
62 31
41 30
66 29
26 28
6 27
10 26
25 25
38 24
30 23
57 22
81 21
75 20
65 19
36 18
35 17
96 16
82 15
19 14
92 13
48 12
22 11
18 10
61 9
94 8
31 7
11 6
43 5
68 4
21 3
12 2
49 1
64 0
Failed to find node to remove: scissorwise
71 99
83 98
13 97
59 96
54 95
70 94
15 93
39 92
60 91
47 90
84 89
74 88
2 87
51 86
1 85
100 84
46 83
79 82
90 81
56 80
77 79
87 78
40 77
17 76
63 75
27 74
3 73
50 72
8 71
20 70
42 69
29 68
53 67
16 66
33 65
89 64
99 63
91 62
14 61
76 60
55 59
24 58
67 57
37 56
69 55
58 54
28 53
98 52
85 51
95 50
73 49
9 48
52 47
78 46
80 45
88 44
97 43
44 42
45 41
5 40
4 39
72 38
23 37
34 36
7 35
93 34
32 33
86 32
62 31
41 30
66 29
26 28
6 27
10 26
25 25
38 24
30 23
57 22
81 21
75 20
65 19
36 18
35 17
96 16
82 15
19 14
92 13
48 12
22 11
18 10
61 9
94 8
31 7
11 6
43 5
68 4
21 3
12 2
49 1
64 0
Failed to find node to remove: unskaithd
71 99
83 98
13 97
59 96
54 95
70 94
15 93
39 92
60 91
47 90
84 89
74 88
2 87
51 86
1 85
100 84
46 83
79 82
90 81
56 80
77 79
87 78
40 77
17 76
63 75
27 74
3 73
50 72
8 71
20 70
42 69
29 68
53 67
16 66
33 65
89 64
99 63
91 62
14 61
76 60
55 59
24 58
67 57
37 56
69 55
58 54
28 53
98 52
85 51
95 50
73 49
9 48
52 47
78 46
80 45
88 44
97 43
44 42
45 41
5 40
4 39
72 38
23 37
34 36
7 35
93 34
32 33
86 32
62 31
41 30
66 29
26 28
6 27
10 26
25 25
38 24
30 23
57 22
81 21
75 20
65 19
36 18
35 17
96 16
82 15
19 14
92 13
48 12
22 11
18 10
61 9
94 8
31 7
11 6
43 5
68 4
21 3
12 2
49 1
64 0
Failed to find node to remove: unreproving
71 99
83 98
13 97
59 96
54 95
70 94
15 93
39 92
60 91
47 90
84 89
74 88
2 87
51 86
1 85
100 84
46 83
79 82
90 81
56 80
77 79
87 78
40 77
17 76
63 75
27 74
3 73
50 72
8 71
20 70
42 69
29 68
53 67
16 66
33 65
89 64
99 63
91 62
14 61
76 60
55 59
24 58
67 57
37 56
69 55
58 54
28 53
98 52
85 51
95 50
73 49
9 48
52 47
78 46
80 45
88 44
97 43
44 42
45 41
5 40
4 39
72 38
23 37
34 36
7 35
93 34
32 33
86 32
62 31
41 30
66 29
26 28
6 27
10 26
25 25
38 24
30 23
57 22
81 21
75 20
65 19
36 18
35 17
96 16
82 15
19 14
92 13
48 12
22 11
18 10
61 9
94 8
31 7
11 6
43 5
68 4
21 3
12 2
49 1
64 0
Failed to find node to remove: analkalinity
71 99
83 98
13 97
59 96
54 95
70 94
15 93
39 92
60 91
47 90
84 89
74 88
2 87
51 86
1 85
100 84
46 83
79 82
90 81
56 80
77 79
87 78
40 77
17 76
63 75
27 74
3 73
50 72
8 71
20 70
42 69
29 68
53 67
16 66
33 65
89 64
99 63
91 62
14 61
76 60
55 59
24 58
67 57
37 56
69 55
58 54
28 53
98 52
85 51
95 50
73 49
9 48
52 47
78 46
80 45
88 44
97 43
44 42
45 41
5 40
4 39
72 38
23 37
34 36
7 35
93 34
32 33
86 32
62 31
41 30
66 29
26 28
6 27
10 26
25 25
38 24
30 23
57 22
81 21
75 20
65 19
36 18
35 17
96 16
82 15
19 14
92 13
48 12
22 11
18 10
61 9
94 8
31 7
11 6
43 5
68 4
21 3
12 2
49 1
64 0
Failed to find node to remove: demicoronal
71 99
83 98
13 97
59 96
54 95
70 94
15 93
39 92
60 91
47 90
84 89
74 88
2 87
51 86
1 85
100 84
46 83
79 82
90 81
56 80
77 79
87 78
40 77
17 76
63 75
27 74
3 73
50 72
8 71
20 70
42 69
29 68
53 67
16 66
33 65
89 64
99 63
91 62
14 61
76 60
55 59
24 58
67 57
37 56
69 55
58 54
28 53
98 52
85 51
95 50
73 49
9 48
52 47
78 46
80 45
88 44
97 43
44 42
45 41
5 40
4 39
72 38
23 37
34 36
7 35
93 34
32 33
86 32
62 31
41 30
66 29
26 28
6 27
10 26
25 25
38 24
30 23
57 22
81 21
75 20
65 19
36 18
35 17
96 16
82 15
19 14
92 13
48 12
22 11
18 10
61 9
94 8
31 7
11 6
43 5
68 4
21 3
12 2
49 1
64 0
Failed to find node to remove: hypotarsal
71 99
83 98
13 97
59 96
54 95
70 94
15 93
39 92
60 91
47 90
84 89
74 88
2 87
51 86
1 85
100 84
46 83
79 82
90 81
56 80
77 79
87 78
40 77
17 76
63 75
27 74
3 73
50 72
8 71
20 70
42 69
29 68
53 67
16 66
33 65
89 64
99 63
91 62
14 61
76 60
55 59
24 58
67 57
37 56
69 55
58 54
28 53
98 52
85 51
95 50
73 49
9 48
52 47
78 46
80 45
88 44
97 43
44 42
45 41
5 40
4 39
72 38
23 37
34 36
7 35
93 34
32 33
86 32
62 31
41 30
66 29
26 28
6 27
10 26
25 25
38 24
30 23
57 22
81 21
75 20
65 19
36 18
35 17
96 16
82 15
19 14
92 13
48 12
22 11
18 10
61 9
94 8
31 7
11 6
43 5
68 4
21 3
12 2
49 1
64 0
Failed to find node to remove: inattentive
71 99
83 98
13 97
59 96
54 95
70 94
15 93
39 92
60 91
47 90
84 89
74 88
2 87
51 86
1 85
100 84
46 83
79 82
90 81
56 80
77 79
87 78
40 77
17 76
63 75
27 74
3 73
50 72
8 71
20 70
42 69
29 68
53 67
16 66
33 65
89 64
99 63
91 62
14 61
76 60
55 59
24 58
67 57
37 56
69 55
58 54
28 53
98 52
85 51
95 50
73 49
9 48
52 47
78 46
80 45
88 44
97 43
44 42
45 41
5 40
4 39
72 38
23 37
34 36
7 35
93 34
32 33
86 32
62 31
41 30
66 29
26 28
6 27
10 26
25 25
38 24
30 23
57 22
81 21
75 20
65 19
36 18
35 17
96 16
82 15
19 14
92 13
48 12
22 11
18 10
61 9
94 8
31 7
11 6
43 5
68 4
21 3
12 2
49 1
64 0
Failed to find node to remove: filefish
71 99
83 98
13 97
59 96
54 95
70 94
15 93
39 92
60 91
47 90
84 89
74 88
2 87
51 86
1 85
100 84
46 83
79 82
90 81
56 80
77 79
87 78
40 77
17 76
63 75
27 74
3 73
50 72
8 71
20 70
42 69
29 68
53 67
16 66
33 65
89 64
99 63
91 62
14 61
76 60
55 59
24 58
67 57
37 56
69 55
58 54
28 53
98 52
85 51
95 50
73 49
9 48
52 47
78 46
80 45
88 44
97 43
44 42
45 41
5 40
4 39
72 38
23 37
34 36
7 35
93 34
32 33
86 32
62 31
41 30
66 29
26 28
6 27
10 26
25 25
38 24
30 23
57 22
81 21
75 20
65 19
36 18
35 17
96 16
82 15
19 14
92 13
48 12
22 11
18 10
61 9
94 8
31 7
11 6
43 5
68 4
21 3
12 2
49 1
64 0
Failed to find node to remove: encraty
71 99
83 98
13 97
59 96
54 95
70 94
15 93
39 92
60 91
47 90
84 89
74 88
2 87
51 86
1 85
100 84
46 83
79 82
90 81
56 80
77 79
87 78
40 77
17 76
63 75
27 74
3 73
50 72
8 71
20 70
42 69
29 68
53 67
16 66
33 65
89 64
99 63
91 62
14 61
76 60
55 59
24 58
67 57
37 56
69 55
58 54
28 53
98 52
85 51
95 50
73 49
9 48
52 47
78 46
80 45
88 44
97 43
44 42
45 41
5 40
4 39
72 38
23 37
34 36
7 35
93 34
32 33
86 32
62 31
41 30
66 29
26 28
6 27
10 26
25 25
38 24
30 23
57 22
81 21
75 20
65 19
36 18
35 17
96 16
82 15
19 14
92 13
48 12
22 11
18 10
61 9
94 8
31 7
11 6
43 5
68 4
21 3
12 2
49 1
64 0
Failed to find node to remove: visitational
71 99
83 98
13 97
59 96
54 95
70 94
15 93
39 92
60 91
47 90
84 89
74 88
2 87
51 86
1 85
100 84
46 83
79 82
90 81
56 80
77 79
87 78
40 77
17 76
63 75
27 74
3 73
50 72
8 71
20 70
42 69
29 68
53 67
16 66
33 65
89 64
99 63
91 62
14 61
76 60
55 59
24 58
67 57
37 56
69 55
58 54
28 53
98 52
85 51
95 50
73 49
9 48
52 47
78 46
80 45
88 44
97 43
44 42
45 41
5 40
4 39
72 38
23 37
34 36
7 35
93 34
32 33
86 32
62 31
41 30
66 29
26 28
6 27
10 26
25 25
38 24
30 23
57 22
81 21
75 20
65 19
36 18
35 17
96 16
82 15
19 14
92 13
48 12
22 11
18 10
61 9
94 8
31 7
11 6
43 5
68 4
21 3
12 2
49 1
64 0
Failed to find node to remove: unregard
71 99
83 98
13 97
59 96
54 95
70 94
15 93
39 92
60 91
47 90
84 89
74 88
2 87
51 86
1 85
100 84
46 83
79 82
90 81
56 80
77 79
87 78
40 77
17 76
63 75
27 74
3 73
50 72
8 71
20 70
42 69
29 68
53 67
16 66
33 65
89 64
99 63
91 62
14 61
76 60
55 59
24 58
67 57
37 56
69 55
58 54
28 53
98 52
85 51
95 50
73 49
9 48
52 47
78 46
80 45
88 44
97 43
44 42
45 41
5 40
4 39
72 38
23 37
34 36
7 35
93 34
32 33
86 32
62 31
41 30
66 29
26 28
6 27
10 26
25 25
38 24
30 23
57 22
81 21
75 20
65 19
36 18
35 17
96 16
82 15
19 14
92 13
48 12
22 11
18 10
61 9
94 8
31 7
11 6
43 5
68 4
21 3
12 2
49 1
64 0
Failed to find node to remove: unpreservable
71 99
83 98
13 97
59 96
54 95
70 94
15 93
39 92
60 91
47 90
84 89
74 88
2 87
51 86
1 85
100 84
46 83
79 82
90 81
56 80
77 79
87 78
40 77
17 76
63 75
27 74
3 73
50 72
8 71
20 70
42 69
29 68
53 67
16 66
33 65
89 64
99 63
91 62
14 61
76 60
55 59
24 58
67 57
37 56
69 55
58 54
28 53
98 52
85 51
95 50
73 49
9 48
52 47
78 46
80 45
88 44
97 43
44 42
45 41
5 40
4 39
72 38
23 37
34 36
7 35
93 34
32 33
86 32
62 31
41 30
66 29
26 28
6 27
10 26
25 25
38 24
30 23
57 22
81 21
75 20
65 19
36 18
35 17
96 16
82 15
19 14
92 13
48 12
22 11
18 10
61 9
94 8
31 7
11 6
43 5
68 4
21 3
12 2
49 1
64 0
Failed to find node to remove: ungettable
71 99
83 98
13 97
59 96
54 95
70 94
15 93
39 92
60 91
47 90
84 89
74 88
2 87
51 86
1 85
100 84
46 83
79 82
90 81
56 80
77 79
87 78
40 77
17 76
63 75
27 74
3 73
50 72
8 71
20 70
42 69
29 68
53 67
16 66
33 65
89 64
99 63
91 62
14 61
76 60
55 59
24 58
67 57
37 56
69 55
58 54
28 53
98 52
85 51
95 50
73 49
9 48
52 47
78 46
80 45
88 44
97 43
44 42
45 41
5 40
4 39
72 38
23 37
34 36
7 35
93 34
32 33
86 32
62 31
41 30
66 29
26 28
6 27
10 26
25 25
38 24
30 23
57 22
81 21
75 20
65 19
36 18
35 17
96 16
82 15
19 14
92 13
48 12
22 11
18 10
61 9
94 8
31 7
11 6
43 5
68 4
21 3
12 2
49 1
64 0
Failed to find node to remove: besomer
71 99
83 98
13 97
59 96
54 95
70 94
15 93
39 92
60 91
47 90
84 89
74 88
2 87
51 86
1 85
100 84
46 83
79 82
90 81
56 80
77 79
87 78
40 77
17 76
63 75
27 74
3 73
50 72
8 71
20 70
42 69
29 68
53 67
16 66
33 65
89 64
99 63
91 62
14 61
76 60
55 59
24 58
67 57
37 56
69 55
58 54
28 53
98 52
85 51
95 50
73 49
9 48
52 47
78 46
80 45
88 44
97 43
44 42
45 41
5 40
4 39
72 38
23 37
34 36
7 35
93 34
32 33
86 32
62 31
41 30
66 29
26 28
6 27
10 26
25 25
38 24
30 23
57 22
81 21
75 20
65 19
36 18
35 17
96 16
82 15
19 14
92 13
48 12
22 11
18 10
61 9
94 8
31 7
11 6
43 5
68 4
21 3
12 2
49 1
64 0
Failed to find node to remove: alchimy
71 99
83 98
13 97
59 96
54 95
70 94
15 93
39 92
60 91
47 90
84 89
74 88
2 87
51 86
1 85
100 84
46 83
79 82
90 81
56 80
77 79
87 78
40 77
17 76
63 75
27 74
3 73
50 72
8 71
20 70
42 69
29 68
53 67
16 66
33 65
89 64
99 63
91 62
14 61
76 60
55 59
24 58
67 57
37 56
69 55
58 54
28 53
98 52
85 51
95 50
73 49
9 48
52 47
78 46
80 45
88 44
97 43
44 42
45 41
5 40
4 39
72 38
23 37
34 36
7 35
93 34
32 33
86 32
62 31
41 30
66 29
26 28
6 27
10 26
25 25
38 24
30 23
57 22
81 21
75 20
65 19
36 18
35 17
96 16
82 15
19 14
92 13
48 12
22 11
18 10
61 9
94 8
31 7
11 6
43 5
68 4
21 3
12 2
49 1
64 0
Failed to find node to remove: akcheh
71 99
83 98
13 97
59 96
54 95
70 94
15 93
39 92
60 91
47 90
84 89
74 88
2 87
51 86
1 85
100 84
46 83
79 82
90 81
56 80
77 79
87 78
40 77
17 76
63 75
27 74
3 73
50 72
8 71
20 70
42 69
29 68
53 67
16 66
33 65
89 64
99 63
91 62
14 61
76 60
55 59
24 58
67 57
37 56
69 55
58 54
28 53
98 52
85 51
95 50
73 49
9 48
52 47
78 46
80 45
88 44
97 43
44 42
45 41
5 40
4 39
72 38
23 37
34 36
7 35
93 34
32 33
86 32
62 31
41 30
66 29
26 28
6 27
10 26
25 25
38 24
30 23
57 22
81 21
75 20
65 19
36 18
35 17
96 16
82 15
19 14
92 13
48 12
22 11
18 10
61 9
94 8
31 7
11 6
43 5
68 4
21 3
12 2
49 1
64 0
Failed to find node to remove: forereading
71 99
83 98
13 97
59 96
54 95
70 94
15 93
39 92
60 91
47 90
84 89
74 88
2 87
51 86
1 85
100 84
46 83
79 82
90 81
56 80
77 79
87 78
40 77
17 76
63 75
27 74
3 73
50 72
8 71
20 70
42 69
29 68
53 67
16 66
33 65
89 64
99 63
91 62
14 61
76 60
55 59
24 58
67 57
37 56
69 55
58 54
28 53
98 52
85 51
95 50
73 49
9 48
52 47
78 46
80 45
88 44
97 43
44 42
45 41
5 40
4 39
72 38
23 37
34 36
7 35
93 34
32 33
86 32
62 31
41 30
66 29
26 28
6 27
10 26
25 25
38 24
30 23
57 22
81 21
75 20
65 19
36 18
35 17
96 16
82 15
19 14
92 13
48 12
22 11
18 10
61 9
94 8
31 7
11 6
43 5
68 4
21 3
12 2
49 1
64 0
Failed to find node to remove: idioelectrical
71 99
83 98
13 97
59 96
54 95
70 94
15 93
39 92
60 91
47 90
84 89
74 88
2 87
51 86
1 85
100 84
46 83
79 82
90 81
56 80
77 79
87 78
40 77
17 76
63 75
27 74
3 73
50 72
8 71
20 70
42 69
29 68
53 67
16 66
33 65
89 64
99 63
91 62
14 61
76 60
55 59
24 58
67 57
37 56
69 55
58 54
28 53
98 52
85 51
95 50
73 49
9 48
52 47
78 46
80 45
88 44
97 43
44 42
45 41
5 40
4 39
72 38
23 37
34 36
7 35
93 34
32 33
86 32
62 31
41 30
66 29
26 28
6 27
10 26
25 25
38 24
30 23
57 22
81 21
75 20
65 19
36 18
35 17
96 16
82 15
19 14
92 13
48 12
22 11
18 10
61 9
94 8
31 7
11 6
43 5
68 4
21 3
12 2
49 1
64 0
Failed to find node to remove: gingernut
71 99
83 98
13 97
59 96
54 95
70 94
15 93
39 92
60 91
47 90
84 89
74 88
2 87
51 86
1 85
100 84
46 83
79 82
90 81
56 80
77 79
87 78
40 77
17 76
63 75
27 74
3 73
50 72
8 71
20 70
42 69
29 68
53 67
16 66
33 65
89 64
99 63
91 62
14 61
76 60
55 59
24 58
67 57
37 56
69 55
58 54
28 53
98 52
85 51
95 50
73 49
9 48
52 47
78 46
80 45
88 44
97 43
44 42
45 41
5 40
4 39
72 38
23 37
34 36
7 35
93 34
32 33
86 32
62 31
41 30
66 29
26 28
6 27
10 26
25 25
38 24
30 23
57 22
81 21
75 20
65 19
36 18
35 17
96 16
82 15
19 14
92 13
48 12
22 11
18 10
61 9
94 8
31 7
11 6
43 5
68 4
21 3
12 2
49 1
64 0
Failed to find node to remove: ultraradical
71 99
83 98
13 97
59 96
54 95
70 94
15 93
39 92
60 91
47 90
84 89
74 88
2 87
51 86
1 85
100 84
46 83
79 82
90 81
56 80
77 79
87 78
40 77
17 76
63 75
27 74
3 73
50 72
8 71
20 70
42 69
29 68
53 67
16 66
33 65
89 64
99 63
91 62
14 61
76 60
55 59
24 58
67 57
37 56
69 55
58 54
28 53
98 52
85 51
95 50
73 49
9 48
52 47
78 46
80 45
88 44
97 43
44 42
45 41
5 40
4 39
72 38
23 37
34 36
7 35
93 34
32 33
86 32
62 31
41 30
66 29
26 28
6 27
10 26
25 25
38 24
30 23
57 22
81 21
75 20
65 19
36 18
35 17
96 16
82 15
19 14
92 13
48 12
22 11
18 10
61 9
94 8
31 7
11 6
43 5
68 4
21 3
12 2
49 1
64 0
Failed to find node to remove: woodendite
71 99
83 98
13 97
59 96
54 95
70 94
15 93
39 92
60 91
47 90
84 89
74 88
2 87
51 86
1 85
100 84
46 83
79 82
90 81
56 80
77 79
87 78
40 77
17 76
63 75
27 74
3 73
50 72
8 71
20 70
42 69
29 68
53 67
16 66
33 65
89 64
99 63
91 62
14 61
76 60
55 59
24 58
67 57
37 56
69 55
58 54
28 53
98 52
85 51
95 50
73 49
9 48
52 47
78 46
80 45
88 44
97 43
44 42
45 41
5 40
4 39
72 38
23 37
34 36
7 35
93 34
32 33
86 32
62 31
41 30
66 29
26 28
6 27
10 26
25 25
38 24
30 23
57 22
81 21
75 20
65 19
36 18
35 17
96 16
82 15
19 14
92 13
48 12
22 11
18 10
61 9
94 8
31 7
11 6
43 5
68 4
21 3
12 2
49 1
64 0
Failed to find node to remove: acrotarsium
71 99
83 98
13 97
59 96
54 95
70 94
15 93
39 92
60 91
47 90
84 89
74 88
2 87
51 86
1 85
100 84
46 83
79 82
90 81
56 80
77 79
87 78
40 77
17 76
63 75
27 74
3 73
50 72
8 71
20 70
42 69
29 68
53 67
16 66
33 65
89 64
99 63
91 62
14 61
76 60
55 59
24 58
67 57
37 56
69 55
58 54
28 53
98 52
85 51
95 50
73 49
9 48
52 47
78 46
80 45
88 44
97 43
44 42
45 41
5 40
4 39
72 38
23 37
34 36
7 35
93 34
32 33
86 32
62 31
41 30
66 29
26 28
6 27
10 26
25 25
38 24
30 23
57 22
81 21
75 20
65 19
36 18
35 17
96 16
82 15
19 14
92 13
48 12
22 11
18 10
61 9
94 8
31 7
11 6
43 5
68 4
21 3
12 2
49 1
64 0
Failed to find node to remove: fermentology
71 99
83 98
13 97
59 96
54 95
70 94
15 93
39 92
60 91
47 90
84 89
74 88
2 87
51 86
1 85
100 84
46 83
79 82
90 81
56 80
77 79
87 78
40 77
17 76
63 75
27 74
3 73
50 72
8 71
20 70
42 69
29 68
53 67
16 66
33 65
89 64
99 63
91 62
14 61
76 60
55 59
24 58
67 57
37 56
69 55
58 54
28 53
98 52
85 51
95 50
73 49
9 48
52 47
78 46
80 45
88 44
97 43
44 42
45 41
5 40
4 39
72 38
23 37
34 36
7 35
93 34
32 33
86 32
62 31
41 30
66 29
26 28
6 27
10 26
25 25
38 24
30 23
57 22
81 21
75 20
65 19
36 18
35 17
96 16
82 15
19 14
92 13
48 12
22 11
18 10
61 9
94 8
31 7
11 6
43 5
68 4
21 3
12 2
49 1
64 0
Failed to find node to remove: may
71 99
83 98
13 97
59 96
54 95
70 94
15 93
39 92
60 91
47 90
84 89
74 88
2 87
51 86
1 85
100 84
46 83
79 82
90 81
56 80
77 79
87 78
40 77
17 76
63 75
27 74
3 73
50 72
8 71
20 70
42 69
29 68
53 67
16 66
33 65
89 64
99 63
91 62
14 61
76 60
55 59
24 58
67 57
37 56
69 55
58 54
28 53
98 52
85 51
95 50
73 49
9 48
52 47
78 46
80 45
88 44
97 43
44 42
45 41
5 40
4 39
72 38
23 37
34 36
7 35
93 34
32 33
86 32
62 31
41 30
66 29
26 28
6 27
10 26
25 25
38 24
30 23
57 22
81 21
75 20
65 19
36 18
35 17
96 16
82 15
19 14
92 13
48 12
22 11
18 10
61 9
94 8
31 7
11 6
43 5
68 4
21 3
12 2
49 1
64 0
Failed to find node to remove: heteroploid
71 99
83 98
13 97
59 96
54 95
70 94
15 93
39 92
60 91
47 90
84 89
74 88
2 87
51 86
1 85
100 84
46 83
79 82
90 81
56 80
77 79
87 78
40 77
17 76
63 75
27 74
3 73
50 72
8 71
20 70
42 69
29 68
53 67
16 66
33 65
89 64
99 63
91 62
14 61
76 60
55 59
24 58
67 57
37 56
69 55
58 54
28 53
98 52
85 51
95 50
73 49
9 48
52 47
78 46
80 45
88 44
97 43
44 42
45 41
5 40
4 39
72 38
23 37
34 36
7 35
93 34
32 33
86 32
62 31
41 30
66 29
26 28
6 27
10 26
25 25
38 24
30 23
57 22
81 21
75 20
65 19
36 18
35 17
96 16
82 15
19 14
92 13
48 12
22 11
18 10
61 9
94 8
31 7
11 6
43 5
68 4
21 3
12 2
49 1
64 0
Failed to find node to remove: centricality
71 99
83 98
13 97
59 96
54 95
70 94
15 93
39 92
60 91
47 90
84 89
74 88
2 87
51 86
1 85
100 84
46 83
79 82
90 81
56 80
77 79
87 78
40 77
17 76
63 75
27 74
3 73
50 72
8 71
20 70
42 69
29 68
53 67
16 66
33 65
89 64
99 63
91 62
14 61
76 60
55 59
24 58
67 57
37 56
69 55
58 54
28 53
98 52
85 51
95 50
73 49
9 48
52 47
78 46
80 45
88 44
97 43
44 42
45 41
5 40
4 39
72 38
23 37
34 36
7 35
93 34
32 33
86 32
62 31
41 30
66 29
26 28
6 27
10 26
25 25
38 24
30 23
57 22
81 21
75 20
65 19
36 18
35 17
96 16
82 15
19 14
92 13
48 12
22 11
18 10
61 9
94 8
31 7
11 6
43 5
68 4
21 3
12 2
49 1
64 0
Failed to find node to remove: outscore
71 99
83 98
13 97
59 96
54 95
70 94
15 93
39 92
60 91
47 90
84 89
74 88
2 87
51 86
1 85
100 84
46 83
79 82
90 81
56 80
77 79
87 78
40 77
17 76
63 75
27 74
3 73
50 72
8 71
20 70
42 69
29 68
53 67
16 66
33 65
89 64
99 63
91 62
14 61
76 60
55 59
24 58
67 57
37 56
69 55
58 54
28 53
98 52
85 51
95 50
73 49
9 48
52 47
78 46
80 45
88 44
97 43
44 42
45 41
5 40
4 39
72 38
23 37
34 36
7 35
93 34
32 33
86 32
62 31
41 30
66 29
26 28
6 27
10 26
25 25
38 24
30 23
57 22
81 21
75 20
65 19
36 18
35 17
96 16
82 15
19 14
92 13
48 12
22 11
18 10
61 9
94 8
31 7
11 6
43 5
68 4
21 3
12 2
49 1
64 0
Failed to find node to remove: radiolite
71 99
83 98
13 97
59 96
54 95
70 94
15 93
39 92
60 91
47 90
84 89
74 88
2 87
51 86
1 85
100 84
46 83
79 82
90 81
56 80
77 79
87 78
40 77
17 76
63 75
27 74
3 73
50 72
8 71
20 70
42 69
29 68
53 67
16 66
33 65
89 64
99 63
91 62
14 61
76 60
55 59
24 58
67 57
37 56
69 55
58 54
28 53
98 52
85 51
95 50
73 49
9 48
52 47
78 46
80 45
88 44
97 43
44 42
45 41
5 40
4 39
72 38
23 37
34 36
7 35
93 34
32 33
86 32
62 31
41 30
66 29
26 28
6 27
10 26
25 25
38 24
30 23
57 22
81 21
75 20
65 19
36 18
35 17
96 16
82 15
19 14
92 13
48 12
22 11
18 10
61 9
94 8
31 7
11 6
43 5
68 4
21 3
12 2
49 1
64 0
Failed to find node to remove: rhincospasm
71 99
83 98
13 97
59 96
54 95
70 94
15 93
39 92
60 91
47 90
84 89
74 88
2 87
51 86
1 85
100 84
46 83
79 82
90 81
56 80
77 79
87 78
40 77
17 76
63 75
27 74
3 73
50 72
8 71
20 70
42 69
29 68
53 67
16 66
33 65
89 64
99 63
91 62
14 61
76 60
55 59
24 58
67 57
37 56
69 55
58 54
28 53
98 52
85 51
95 50
73 49
9 48
52 47
78 46
80 45
88 44
97 43
44 42
45 41
5 40
4 39
72 38
23 37
34 36
7 35
93 34
32 33
86 32
62 31
41 30
66 29
26 28
6 27
10 26
25 25
38 24
30 23
57 22
81 21
75 20
65 19
36 18
35 17
96 16
82 15
19 14
92 13
48 12
22 11
18 10
61 9
94 8
31 7
11 6
43 5
68 4
21 3
12 2
49 1
64 0
Failed to find node to remove: rudistae
71 99
83 98
13 97
59 96
54 95
70 94
15 93
39 92
60 91
47 90
84 89
74 88
2 87
51 86
1 85
100 84
46 83
79 82
90 81
56 80
77 79
87 78
40 77
17 76
63 75
27 74
3 73
50 72
8 71
20 70
42 69
29 68
53 67
16 66
33 65
89 64
99 63
91 62
14 61
76 60
55 59
24 58
67 57
37 56
69 55
58 54
28 53
98 52
85 51
95 50
73 49
9 48
52 47
78 46
80 45
88 44
97 43
44 42
45 41
5 40
4 39
72 38
23 37
34 36
7 35
93 34
32 33
86 32
62 31
41 30
66 29
26 28
6 27
10 26
25 25
38 24
30 23
57 22
81 21
75 20
65 19
36 18
35 17
96 16
82 15
19 14
92 13
48 12
22 11
18 10
61 9
94 8
31 7
11 6
43 5
68 4
21 3
12 2
49 1
64 0
